#pH       total     NTR    1ASP    8LYS    9ASP   21LYS   28GLU   31LYS   38HIS   41LYS   46GLU   47LYS   49TYR   50LYS   54ASP   55CYS   61LYS   62GLU   79TYR   90LYS   91ASP   92LYS   93TYR   94LYS  102ASP  104HIS  105LYS  110TYR  127CYS  130TYR  133ASP  142ASP  145LYS  151GLU  158CYS  161LYS  164LYS  166ASP  172TYR  185TYR  189TYR  193TYR  194ASP  197LYS  202ASP  204LYS  207HIS  227TYR  230ASP  243LYS  246ASP  249TYR  254ASP  255CYS  258LYS  261LYS  262ASP  263GLU  266LYS  270LYS  289TYR  290ASP  291GLU     CTR
-5.00	 1.0000	 1.0000	 1.0000	 1.0000	 1.0000	 0.9854	 1.0000	 1.0000	 1.0000	 1.0000	 1.0000	 1.0000	 1.0000	 1.0000	 1.0000	 1.0000	 1.0000	 1.0000	 1.0000	 0.9993	 1.0000	 1.0000	 1.0000	 0.9997	 1.0000	 1.0000	 1.0000	 1.0000	 1.0000	 0.6364	 0.7969	 1.0000	 1.0000	 1.0000	 1.0000	 1.0000	 1.0000	 1.0000	 1.0000	 1.0000	 1.0000	 1.0000	 1.0000	 1.0000	 1.0000	 1.0000	 1.0000	 0.9951	 1.0000	 1.0000	 1.0000	 1.0000	 1.0000	 1.0000	 1.0000	 1.0000	 0.9997	 1.0000	 1.0000	 1.0000	 1.0000	 1.0000	 1.0000
-4.75	 1.0000	 1.0000	 1.0000	 1.0000	 1.0000	 0.9796	 1.0000	 1.0000	 1.0000	 1.0000	 1.0000	 1.0000	 1.0000	 1.0000	 1.0000	 1.0000	 1.0000	 1.0000	 1.0000	 0.9989	 1.0000	 1.0000	 1.0000	 0.9993	 1.0000	 1.0000	 1.0000	 1.0000	 1.0000	 0.5104	 0.6973	 1.0000	 1.0000	 1.0000	 1.0000	 1.0000	 1.0000	 1.0000	 1.0000	 1.0000	 1.0000	 1.0000	 1.0000	 1.0000	 1.0000	 1.0000	 1.0000	 0.9926	 1.0000	 1.0000	 1.0000	 1.0000	 1.0000	 1.0000	 1.0000	 1.0000	 0.9995	 1.0000	 1.0000	 1.0000	 1.0000	 1.0000	 1.0000
-4.50	 1.0000	 1.0000	 1.0000	 1.0000	 1.0000	 0.9724	 1.0000	 1.0000	 1.0000	 1.0000	 1.0000	 1.0000	 1.0000	 1.0000	 1.0000	 1.0000	 1.0000	 1.0000	 1.0000	 0.9980	 1.0000	 1.0000	 1.0000	 0.9990	 1.0000	 1.0000	 1.0000	 1.0000	 1.0000	 0.3819	 0.5687	 1.0000	 1.0000	 1.0000	 1.0000	 1.0000	 1.0000	 1.0000	 1.0000	 1.0000	 1.0000	 1.0000	 1.0000	 1.0000	 1.0000	 1.0000	 1.0000	 0.9894	 1.0000	 1.0000	 1.0000	 1.0000	 1.0000	 1.0000	 1.0000	 1.0000	 0.9991	 1.0000	 1.0000	 1.0000	 1.0000	 1.0000	 1.0000
-4.25	 1.0000	 1.0000	 1.0000	 1.0000	 1.0000	 0.9651	 1.0000	 1.0000	 1.0000	 1.0000	 1.0000	 1.0000	 1.0000	 1.0000	 1.0000	 1.0000	 1.0000	 1.0000	 1.0000	 0.9965	 1.0000	 1.0000	 1.0000	 0.9982	 1.0000	 1.0000	 1.0000	 1.0000	 1.0000	 0.2730	 0.4417	 1.0000	 1.0000	 1.0000	 1.0000	 1.0000	 1.0000	 1.0000	 1.0000	 1.0000	 1.0000	 1.0000	 1.0000	 1.0000	 1.0000	 1.0000	 1.0000	 0.9860	 1.0000	 1.0000	 1.0000	 1.0000	 1.0000	 1.0000	 1.0000	 1.0000	 0.9983	 1.0000	 1.0000	 1.0000	 1.0000	 1.0000	 1.0000
-4.00	 1.0000	 1.0000	 1.0000	 1.0000	 1.0000	 0.9559	 1.0000	 1.0000	 1.0000	 1.0000	 1.0000	 1.0000	 1.0000	 1.0000	 1.0000	 1.0000	 1.0000	 1.0000	 1.0000	 0.9940	 1.0000	 1.0000	 1.0000	 0.9969	 1.0000	 1.0000	 1.0000	 1.0000	 1.0000	 0.1936	 0.3123	 1.0000	 1.0000	 1.0000	 1.0000	 1.0000	 1.0000	 1.0000	 1.0000	 1.0000	 1.0000	 1.0000	 1.0000	 1.0000	 1.0000	 1.0000	 1.0000	 0.9804	 1.0000	 1.0000	 1.0000	 1.0000	 1.0000	 1.0000	 1.0000	 1.0000	 0.9970	 1.0000	 1.0000	 1.0000	 1.0000	 1.0000	 1.0000
-3.75	 1.0000	 1.0000	 1.0000	 1.0000	 1.0000	 0.9404	 1.0000	 1.0000	 1.0000	 1.0000	 1.0000	 1.0000	 1.0000	 0.9999	 1.0000	 1.0000	 1.0000	 1.0000	 1.0000	 0.9897	 1.0000	 1.0000	 1.0000	 0.9943	 1.0000	 1.0000	 1.0000	 1.0000	 1.0000	 0.1379	 0.2029	 1.0000	 1.0000	 1.0000	 1.0000	 1.0000	 1.0000	 1.0000	 1.0000	 1.0000	 1.0000	 1.0000	 1.0000	 1.0000	 1.0000	 1.0000	 1.0000	 0.9731	 1.0000	 1.0000	 1.0000	 1.0000	 1.0000	 1.0000	 1.0000	 1.0000	 0.9950	 1.0000	 1.0000	 1.0000	 1.0000	 1.0000	 1.0000
-3.50	 1.0000	 1.0000	 1.0000	 1.0000	 1.0000	 0.9223	 1.0000	 1.0000	 1.0000	 1.0000	 1.0000	 1.0000	 1.0000	 0.9998	 1.0000	 1.0000	 1.0000	 1.0000	 1.0000	 0.9821	 1.0000	 1.0000	 1.0000	 0.9887	 1.0000	 1.0000	 1.0000	 1.0000	 1.0000	 0.0972	 0.1303	 1.0000	 1.0000	 1.0000	 1.0000	 1.0000	 1.0000	 1.0000	 1.0000	 1.0000	 1.0000	 1.0000	 1.0000	 1.0000	 1.0000	 1.0000	 1.0000	 0.9604	 1.0000	 1.0000	 1.0000	 1.0000	 1.0000	 1.0000	 1.0000	 1.0000	 0.9906	 1.0000	 1.0000	 1.0000	 1.0000	 1.0000	 1.0000
-3.25	 1.0000	 1.0000	 1.0000	 1.0000	 1.0000	 0.8914	 1.0000	 1.0000	 1.0000	 1.0000	 1.0000	 1.0000	 1.0000	 0.9997	 1.0000	 1.0000	 1.0000	 1.0000	 1.0000	 0.9667	 1.0000	 1.0000	 1.0000	 0.9805	 1.0000	 1.0000	 1.0000	 1.0000	 1.0000	 0.0715	 0.0792	 1.0000	 1.0000	 1.0000	 1.0000	 1.0000	 1.0000	 1.0000	 1.0000	 1.0000	 1.0000	 1.0000	 1.0000	 1.0000	 1.0000	 1.0000	 1.0000	 0.9417	 1.0000	 1.0000	 1.0000	 1.0000	 1.0000	 1.0000	 1.0000	 1.0000	 0.9847	 1.0000	 1.0000	 1.0000	 1.0000	 1.0000	 1.0000
-3.00	 1.0000	 1.0000	 1.0000	 1.0000	 1.0000	 0.8431	 1.0000	 1.0000	 1.0000	 1.0000	 1.0000	 1.0000	 1.0000	 0.9996	 1.0000	 1.0000	 1.0000	 1.0000	 1.0000	 0.9437	 1.0000	 1.0000	 1.0000	 0.9668	 1.0000	 1.0000	 1.0000	 1.0000	 1.0000	 0.0560	 0.0451	 1.0000	 1.0000	 1.0000	 1.0000	 1.0000	 1.0000	 1.0000	 1.0000	 1.0000	 1.0000	 0.9999	 1.0000	 1.0000	 1.0000	 1.0000	 1.0000	 0.9131	 1.0000	 0.9999	 1.0000	 1.0000	 1.0000	 1.0000	 1.0000	 1.0000	 0.9737	 1.0000	 1.0000	 1.0000	 1.0000	 1.0000	 1.0000
-2.75	 1.0000	 1.0000	 1.0000	 1.0000	 1.0000	 0.7772	 1.0000	 1.0000	 1.0000	 1.0000	 1.0000	 1.0000	 1.0000	 0.9994	 1.0000	 1.0000	 1.0000	 1.0000	 1.0000	 0.9061	 1.0000	 1.0000	 1.0000	 0.9417	 1.0000	 1.0000	 1.0000	 1.0000	 1.0000	 0.0456	 0.0272	 1.0000	 1.0000	 1.0000	 1.0000	 1.0000	 1.0000	 1.0000	 1.0000	 1.0000	 1.0000	 0.9998	 1.0000	 1.0000	 1.0000	 1.0000	 1.0000	 0.8731	 1.0000	 0.9997	 1.0000	 0.9999	 1.0000	 1.0000	 1.0000	 1.0000	 0.9539	 1.0000	 1.0000	 1.0000	 1.0000	 1.0000	 1.0000
-2.50	 1.0000	 1.0000	 1.0000	 1.0000	 1.0000	 0.6933	 1.0000	 0.9999	 1.0000	 0.9999	 1.0000	 1.0000	 1.0000	 0.9991	 1.0000	 1.0000	 1.0000	 1.0000	 1.0000	 0.8494	 1.0000	 1.0000	 1.0000	 0.9006	 1.0000	 1.0000	 1.0000	 1.0000	 1.0000	 0.0352	 0.0175	 1.0000	 0.9999	 1.0000	 1.0000	 1.0000	 1.0000	 1.0000	 1.0000	 1.0000	 1.0000	 0.9998	 1.0000	 1.0000	 1.0000	 1.0000	 1.0000	 0.8241	 1.0000	 0.9996	 1.0000	 0.9998	 1.0000	 1.0000	 1.0000	 1.0000	 0.9242	 1.0000	 1.0000	 1.0000	 1.0000	 1.0000	 0.9999
-2.25	 1.0000	 1.0000	 1.0000	 1.0000	 1.0000	 0.6046	 1.0000	 0.9999	 1.0000	 0.9999	 1.0000	 1.0000	 1.0000	 0.9981	 1.0000	 1.0000	 1.0000	 1.0000	 1.0000	 0.7631	 1.0000	 1.0000	 1.0000	 0.8407	 1.0000	 1.0000	 1.0000	 1.0000	 1.0000	 0.0273	 0.0113	 1.0000	 1.0000	 1.0000	 1.0000	 1.0000	 0.9999	 1.0000	 1.0000	 1.0000	 1.0000	 0.9993	 1.0000	 1.0000	 1.0000	 1.0000	 1.0000	 0.7661	 1.0000	 0.9994	 1.0000	 0.9997	 1.0000	 1.0000	 1.0000	 0.9999	 0.8741	 1.0000	 1.0000	 1.0000	 1.0000	 1.0000	 0.9999
-2.00	 1.0000	 1.0000	 1.0000	 1.0000	 1.0000	 0.5206	 1.0000	 0.9999	 1.0000	 0.9999	 1.0000	 1.0000	 1.0000	 0.9976	 1.0000	 1.0000	 1.0000	 1.0000	 1.0000	 0.6530	 1.0000	 1.0000	 1.0000	 0.7522	 1.0000	 1.0000	 1.0000	 1.0000	 1.0000	 0.0205	 0.0059	 1.0000	 0.9999	 1.0000	 1.0000	 1.0000	 0.9998	 1.0000	 1.0000	 1.0000	 1.0000	 0.9991	 1.0000	 1.0000	 1.0000	 1.0000	 1.0000	 0.7105	 1.0000	 0.9989	 1.0000	 0.9995	 1.0000	 1.0000	 1.0000	 0.9999	 0.8006	 1.0000	 1.0000	 1.0000	 1.0000	 1.0000	 0.9998
-1.75	 1.0000	 0.9999	 1.0000	 1.0000	 1.0000	 0.4467	 1.0000	 0.9999	 1.0000	 0.9999	 1.0000	 1.0000	 1.0000	 0.9950	 1.0000	 1.0000	 1.0000	 1.0000	 1.0000	 0.5119	 1.0000	 1.0000	 1.0000	 0.6282	 1.0000	 1.0000	 1.0000	 1.0000	 1.0000	 0.0149	 0.0032	 1.0000	 0.9999	 1.0000	 1.0000	 1.0000	 0.9998	 1.0000	 1.0000	 1.0000	 1.0000	 0.9986	 1.0000	 0.9999	 1.0000	 1.0000	 1.0000	 0.6554	 1.0000	 0.9980	 1.0000	 0.9990	 1.0000	 1.0000	 1.0000	 0.9998	 0.6910	 1.0000	 1.0000	 1.0000	 1.0000	 1.0000	 0.9994
-1.50	 1.0000	 0.9998	 1.0000	 0.9999	 1.0000	 0.3802	 1.0000	 0.9998	 1.0000	 0.9998	 1.0000	 1.0000	 1.0000	 0.9921	 1.0000	 1.0000	 0.9998	 1.0000	 1.0000	 0.3764	 1.0000	 1.0000	 1.0000	 0.4885	 1.0000	 1.0000	 1.0000	 1.0000	 1.0000	 0.0112	 0.0021	 1.0000	 0.9998	 1.0000	 1.0000	 1.0000	 0.9996	 1.0000	 1.0000	 1.0000	 1.0000	 0.9983	 1.0000	 0.9999	 1.0000	 1.0000	 1.0000	 0.6043	 1.0000	 0.9958	 1.0000	 0.9988	 1.0000	 1.0000	 1.0000	 0.9996	 0.5625	 1.0000	 1.0000	 1.0000	 0.9999	 1.0000	 0.9994
-1.25	 1.0000	 0.9998	 1.0000	 0.9999	 1.0000	 0.3195	 1.0000	 0.9998	 1.0000	 0.9997	 1.0000	 1.0000	 1.0000	 0.9860	 1.0000	 1.0000	 0.9998	 1.0000	 1.0000	 0.2572	 1.0000	 1.0000	 1.0000	 0.3545	 1.0000	 1.0000	 1.0000	 1.0000	 1.0000	 0.0095	 0.0011	 1.0000	 0.9996	 1.0000	 1.0000	 1.0000	 0.9993	 1.0000	 1.0000	 1.0000	 1.0000	 0.9966	 1.0000	 0.9998	 1.0000	 1.0000	 1.0000	 0.5431	 1.0000	 0.9936	 1.0000	 0.9983	 1.0000	 1.0000	 1.0000	 0.9995	 0.4233	 1.0000	 1.0000	 1.0000	 0.9999	 0.9999	 0.9989
-1.00	 1.0000	 0.9997	 1.0000	 0.9999	 1.0000	 0.2683	 1.0000	 0.9997	 1.0000	 0.9993	 1.0000	 1.0000	 1.0000	 0.9757	 1.0000	 1.0000	 0.9997	 1.0000	 1.0000	 0.1648	 1.0000	 1.0000	 1.0000	 0.2387	 1.0000	 1.0000	 1.0000	 1.0000	 1.0000	 0.0069	 0.0005	 1.0000	 0.9993	 1.0000	 1.0000	 1.0000	 0.9985	 1.0000	 1.0000	 1.0000	 1.0000	 0.9946	 1.0000	 0.9998	 1.0000	 1.0000	 1.0000	 0.4660	 1.0000	 0.9883	 1.0000	 0.9967	 1.0000	 1.0000	 1.0000	 0.9992	 0.3020	 1.0000	 1.0000	 1.0000	 0.9999	 0.9998	 0.9979
-0.75	 1.0000	 0.9991	 1.0000	 0.9997	 1.0000	 0.2097	 1.0000	 0.9996	 1.0000	 0.9989	 1.0000	 1.0000	 1.0000	 0.9613	 1.0000	 1.0000	 0.9995	 1.0000	 1.0000	 0.1009	 1.0000	 1.0000	 1.0000	 0.1525	 1.0000	 1.0000	 1.0000	 1.0000	 1.0000	 0.0053	 0.0003	 1.0000	 0.9987	 1.0000	 1.0000	 1.0000	 0.9975	 1.0000	 1.0000	 1.0000	 1.0000	 0.9900	 1.0000	 0.9993	 1.0000	 1.0000	 1.0000	 0.3812	 1.0000	 0.9810	 1.0000	 0.9946	 1.0000	 1.0000	 1.0000	 0.9986	 0.1985	 1.0000	 1.0000	 1.0000	 0.9997	 0.9997	 0.9970
-0.50	 1.0000	 0.9987	 1.0000	 0.9996	 1.0000	 0.1579	 1.0000	 0.9994	 1.0000	 0.9980	 1.0000	 1.0000	 1.0000	 0.9356	 1.0000	 1.0000	 0.9989	 1.0000	 1.0000	 0.0628	 1.0000	 1.0000	 1.0000	 0.0906	 1.0000	 1.0000	 1.0000	 1.0000	 1.0000	 0.0038	 0.0001	 1.0000	 0.9978	 1.0000	 1.0000	 1.0000	 0.9960	 1.0000	 1.0000	 1.0000	 1.0000	 0.9843	 1.0000	 0.9989	 1.0000	 1.0000	 1.0000	 0.2860	 1.0000	 0.9672	 1.0000	 0.9908	 1.0000	 1.0000	 1.0000	 0.9977	 0.1285	 1.0000	 1.0000	 1.0000	 0.9995	 0.9995	 0.9950
-0.25	 1.0000	 0.9971	 1.0000	 0.9992	 1.0000	 0.1096	 1.0000	 0.9997	 1.0000	 0.9970	 1.0000	 1.0000	 1.0000	 0.8918	 1.0000	 1.0000	 0.9982	 1.0000	 1.0000	 0.0364	 1.0000	 1.0000	 1.0000	 0.0557	 1.0000	 1.0000	 1.0000	 1.0000	 1.0000	 0.0030	 0.0002	 1.0000	 0.9962	 1.0000	 1.0000	 1.0000	 0.9935	 1.0000	 1.0000	 1.0000	 1.0000	 0.9732	 1.0000	 0.9979	 1.0000	 1.0000	 1.0000	 0.2006	 1.0000	 0.9451	 1.0000	 0.9841	 1.0000	 1.0000	 1.0000	 0.9965	 0.0767	 1.0000	 1.0000	 1.0000	 0.9991	 0.9992	 0.9911
 0.00	 1.0000	 0.9952	 1.0000	 0.9988	 1.0000	 0.0751	 1.0000	 0.9996	 1.0000	 0.9947	 1.0000	 1.0000	 1.0000	 0.8208	 1.0000	 1.0000	 0.9970	 1.0000	 1.0000	 0.0216	 1.0000	 1.0000	 1.0000	 0.0312	 1.0000	 1.0000	 1.0000	 1.0000	 1.0000	 0.0015	 0.0001	 1.0000	 0.9940	 1.0000	 1.0000	 1.0000	 0.9889	 1.0000	 1.0000	 1.0000	 1.0000	 0.9563	 1.0000	 0.9971	 1.0000	 1.0000	 1.0000	 0.1313	 1.0000	 0.9090	 1.0000	 0.9729	 1.0000	 1.0000	 1.0000	 0.9944	 0.0471	 1.0000	 1.0000	 1.0000	 0.9986	 0.9987	 0.9843
 0.25	 1.0000	 0.9915	 1.0000	 0.9978	 1.0000	 0.0476	 1.0000	 0.9996	 1.0000	 0.9912	 1.0000	 1.0000	 1.0000	 0.7282	 1.0000	 1.0000	 0.9950	 1.0000	 1.0000	 0.0115	 1.0000	 1.0000	 1.0000	 0.0170	 1.0000	 1.0000	 1.0000	 1.0000	 1.0000	 0.0011	 0.0001	 1.0000	 0.9899	 1.0000	 1.0000	 1.0000	 0.9815	 1.0000	 1.0000	 1.0000	 1.0000	 0.9240	 1.0000	 0.9948	 1.0000	 1.0000	 1.0000	 0.0829	 1.0000	 0.8559	 1.0000	 0.9566	 1.0000	 1.0000	 1.0000	 0.9901	 0.0273	 1.0000	 1.0000	 1.0000	 0.9973	 0.9978	 0.9724
 0.50	 1.0000	 0.9855	 1.0000	 0.9964	 1.0000	 0.0254	 1.0000	 0.9996	 1.0000	 0.9847	 1.0000	 1.0000	 1.0000	 0.6047	 1.0000	 1.0000	 0.9918	 1.0000	 1.0000	 0.0080	 1.0000	 1.0000	 1.0000	 0.0102	 0.9999	 1.0000	 1.0000	 1.0000	 1.0000	 0.0007	 0.0000	 1.0000	 0.9833	 1.0000	 1.0000	 1.0000	 0.9708	 1.0000	 1.0000	 1.0000	 1.0000	 0.8748	 1.0000	 0.9906	 1.0000	 1.0000	 1.0000	 0.0514	 1.0000	 0.7729	 1.0000	 0.9299	 1.0000	 1.0000	 1.0000	 0.9832	 0.0170	 1.0000	 1.0000	 1.0000	 0.9957	 0.9963	 0.9548
 0.75	 1.0000	 0.9759	 1.0000	 0.9942	 1.0000	 0.0164	 1.0000	 0.9993	 1.0000	 0.9739	 1.0000	 1.0000	 1.0000	 0.4637	 1.0000	 1.0000	 0.9861	 1.0000	 1.0000	 0.0041	 1.0000	 1.0000	 1.0000	 0.0066	 0.9997	 1.0000	 1.0000	 1.0000	 1.0000	 0.0003	 0.0000	 1.0000	 0.9734	 1.0000	 1.0000	 1.0000	 0.9540	 1.0000	 1.0000	 1.0000	 1.0000	 0.8005	 1.0000	 0.9835	 1.0000	 1.0000	 1.0000	 0.0306	 1.0000	 0.6662	 1.0000	 0.8936	 1.0000	 1.0000	 1.0000	 0.9741	 0.0117	 1.0000	 1.0000	 1.0000	 0.9927	 0.9928	 0.9236
 1.00	 1.0000	 0.9571	 1.0000	 0.9902	 1.0000	 0.0098	 1.0000	 0.9993	 1.0000	 0.9576	 1.0000	 1.0000	 1.0000	 0.3309	 1.0000	 1.0000	 0.9785	 1.0000	 1.0000	 0.0024	 1.0000	 1.0000	 1.0000	 0.0036	 0.9998	 1.0000	 1.0000	 1.0000	 1.0000	 0.0001	 0.0000	 1.0000	 0.9573	 1.0000	 1.0000	 1.0000	 0.9310	 1.0000	 1.0000	 1.0000	 1.0000	 0.6918	 1.0000	 0.9717	 1.0000	 1.0000	 1.0000	 0.0182	 1.0000	 0.5467	 1.0000	 0.8375	 1.0000	 1.0000	 1.0000	 0.9570	 0.0068	 1.0000	 1.0000	 1.0000	 0.9877	 0.9879	 0.8754
 1.25	 1.0000	 0.9261	 1.0000	 0.9852	 1.0000	 0.0063	 1.0000	 0.9992	 1.0000	 0.9305	 1.0000	 1.0000	 1.0000	 0.2231	 1.0000	 1.0000	 0.9671	 1.0000	 1.0000	 0.0018	 1.0000	 1.0000	 1.0000	 0.0029	 0.9996	 1.0000	 1.0000	 1.0000	 1.0000	 0.0001	 0.0000	 1.0000	 0.9346	 1.0000	 1.0000	 1.0000	 0.9028	 1.0000	 1.0000	 1.0000	 1.0000	 0.5654	 1.0000	 0.9515	 1.0000	 1.0000	 1.0000	 0.0115	 1.0000	 0.4341	 1.0000	 0.7706	 1.0000	 1.0000	 1.0000	 0.9364	 0.0052	 1.0000	 1.0000	 1.0000	 0.9794	 0.9811	 0.8009
 1.50	 1.0000	 0.8786	 1.0000	 0.9769	 1.0000	 0.0036	 1.0000	 0.9988	 1.0000	 0.8872	 1.0000	 1.0000	 1.0000	 0.1455	 1.0000	 1.0000	 0.9475	 1.0000	 1.0000	 0.0006	 1.0000	 1.0000	 1.0000	 0.0014	 0.9993	 1.0000	 1.0000	 1.0000	 1.0000	 0.0001	 0.0000	 1.0000	 0.9030	 1.0000	 1.0000	 1.0000	 0.8609	 1.0000	 1.0000	 1.0000	 1.0000	 0.4321	 1.0000	 0.9225	 1.0000	 1.0000	 1.0000	 0.0067	 1.0000	 0.3390	 1.0000	 0.6815	 1.0000	 1.0000	 1.0000	 0.9050	 0.0037	 1.0000	 1.0000	 1.0000	 0.9669	 0.9707	 0.6979
 1.75	 1.0000	 0.8038	 1.0000	 0.9647	 1.0000	 0.0019	 1.0000	 0.9984	 1.0000	 0.8233	 1.0000	 1.0000	 1.0000	 0.0904	 1.0000	 1.0000	 0.9160	 1.0000	 1.0000	 0.0005	 1.0000	 1.0000	 1.0000	 0.0007	 0.9992	 1.0000	 1.0000	 1.0000	 1.0000	 0.0001	 0.0000	 1.0000	 0.8588	 1.0000	 1.0000	 1.0000	 0.8104	 1.0000	 1.0000	 1.0000	 1.0000	 0.3085	 1.0000	 0.8774	 1.0000	 0.9999	 1.0000	 0.0040	 1.0000	 0.2544	 1.0000	 0.5844	 1.0000	 1.0000	 1.0000	 0.8601	 0.0023	 1.0000	 1.0000	 1.0000	 0.9485	 0.9539	 0.5852
 2.00	 1.0000	 0.7008	 1.0000	 0.9507	 1.0000	 0.0012	 1.0000	 0.9978	 1.0000	 0.7346	 1.0000	 1.0000	 1.0000	 0.0580	 1.0000	 1.0000	 0.8666	 1.0000	 1.0000	 0.0002	 1.0000	 1.0000	 1.0000	 0.0005	 0.9990	 1.0000	 1.0000	 1.0000	 1.0000	 0.0000	 0.0000	 1.0000	 0.8008	 1.0000	 1.0000	 1.0000	 0.7460	 1.0000	 1.0000	 1.0000	 1.0000	 0.2034	 1.0000	 0.8078	 1.0000	 0.9999	 1.0000	 0.0025	 1.0000	 0.1935	 1.0000	 0.4893	 1.0000	 1.0000	 1.0000	 0.8121	 0.0022	 1.0000	 1.0000	 1.0000	 0.9153	 0.9285	 0.4651
 2.25	 0.9999	 0.5712	 1.0000	 0.9325	 1.0000	 0.0008	 1.0000	 0.9970	 1.0000	 0.6217	 1.0000	 1.0000	 1.0000	 0.0386	 1.0000	 1.0000	 0.7980	 1.0000	 1.0000	 0.0002	 1.0000	 1.0000	 1.0000	 0.0002	 0.9987	 1.0000	 1.0000	 1.0000	 1.0000	 0.0000	 0.0000	 1.0000	 0.7319	 1.0000	 1.0000	 1.0000	 0.6729	 1.0000	 1.0000	 1.0000	 1.0000	 0.1319	 1.0000	 0.7095	 1.0000	 0.9998	 1.0000	 0.0014	 1.0000	 0.1444	 1.0000	 0.3983	 1.0000	 1.0000	 1.0000	 0.7489	 0.0018	 1.0000	 1.0000	 1.0000	 0.8762	 0.8972	 0.3584
 2.50	 0.9999	 0.4390	 1.0000	 0.9081	 1.0000	 0.0004	 1.0000	 0.9965	 1.0000	 0.5003	 1.0000	 1.0000	 1.0000	 0.0239	 1.0000	 1.0000	 0.7002	 1.0000	 1.0000	 0.0002	 1.0000	 1.0000	 1.0000	 0.0001	 0.9975	 1.0000	 1.0000	 1.0000	 1.0000	 0.0000	 0.0000	 1.0000	 0.6521	 1.0000	 1.0000	 1.0000	 0.5943	 1.0000	 1.0000	 1.0000	 1.0000	 0.0805	 1.0000	 0.5908	 1.0000	 0.9998	 1.0000	 0.0012	 1.0000	 0.1082	 1.0000	 0.3209	 1.0000	 1.0000	 1.0000	 0.6753	 0.0011	 1.0000	 1.0000	 1.0000	 0.8190	 0.8537	 0.2736
 2.75	 0.9999	 0.3068	 1.0000	 0.8761	 1.0000	 0.0002	 1.0000	 0.9950	 1.0000	 0.3770	 1.0000	 1.0000	 1.0000	 0.0152	 1.0000	 1.0000	 0.5757	 1.0000	 1.0000	 0.0000	 1.0000	 1.0000	 1.0000	 0.0002	 0.9967	 1.0000	 1.0000	 1.0000	 1.0000	 0.0000	 0.0000	 1.0000	 0.5699	 1.0000	 1.0000	 1.0000	 0.5059	 1.0000	 1.0000	 1.0000	 1.0000	 0.0509	 1.0000	 0.4593	 1.0000	 0.9997	 1.0000	 0.0004	 1.0000	 0.0789	 1.0000	 0.2497	 1.0000	 1.0000	 1.0000	 0.5928	 0.0013	 1.0000	 1.0000	 1.0000	 0.7403	 0.7985	 0.2053
 3.00	 0.9999	 0.2035	 1.0000	 0.8322	 1.0000	 0.0001	 1.0000	 0.9940	 1.0000	 0.2721	 1.0000	 1.0000	 1.0000	 0.0108	 1.0000	 1.0000	 0.4426	 1.0000	 1.0000	 0.0000	 1.0000	 1.0000	 1.0000	 0.0001	 0.9943	 1.0000	 1.0000	 1.0000	 1.0000	 0.0000	 0.0000	 1.0000	 0.4800	 1.0000	 1.0000	 1.0000	 0.4229	 1.0000	 1.0000	 1.0000	 1.0000	 0.0320	 1.0000	 0.3323	 1.0000	 0.9994	 1.0000	 0.0004	 1.0000	 0.0551	 1.0000	 0.1958	 1.0000	 1.0000	 1.0000	 0.4862	 0.0007	 1.0000	 1.0000	 1.0000	 0.6486	 0.7347	 0.1568
 3.25	 0.9999	 0.1291	 1.0000	 0.7725	 1.0000	 0.0001	 1.0000	 0.9904	 1.0000	 0.1827	 1.0000	 1.0000	 1.0000	 0.0063	 1.0000	 1.0000	 0.3204	 1.0000	 1.0000	 0.0000	 1.0000	 1.0000	 1.0000	 0.0001	 0.9901	 1.0000	 1.0000	 1.0000	 1.0000	 0.0000	 0.0000	 1.0000	 0.3829	 1.0000	 1.0000	 1.0000	 0.3404	 1.0000	 1.0000	 1.0000	 1.0000	 0.0176	 1.0000	 0.2206	 1.0000	 0.9992	 1.0000	 0.0002	 1.0000	 0.0415	 1.0000	 0.1448	 1.0000	 1.0000	 1.0000	 0.3803	 0.0010	 1.0000	 1.0000	 1.0000	 0.5548	 0.6512	 0.1229
 3.50	 0.9999	 0.0770	 1.0000	 0.6877	 1.0000	 0.0003	 1.0000	 0.9868	 1.0000	 0.1180	 1.0000	 1.0000	 1.0000	 0.0038	 1.0000	 1.0000	 0.2151	 1.0000	 1.0000	 0.0000	 1.0000	 1.0000	 1.0000	 0.0000	 0.9839	 1.0000	 1.0000	 1.0000	 1.0000	 0.0000	 0.0000	 1.0000	 0.2917	 1.0000	 1.0000	 1.0000	 0.2614	 1.0000	 1.0000	 1.0000	 1.0000	 0.0115	 1.0000	 0.1427	 1.0000	 0.9985	 1.0000	 0.0001	 1.0000	 0.0274	 1.0000	 0.1059	 1.0000	 1.0000	 1.0000	 0.2772	 0.0008	 1.0000	 1.0000	 1.0000	 0.4547	 0.5705	 0.0991
 3.75	 0.9999	 0.0485	 1.0000	 0.5872	 0.9999	 0.0000	 1.0000	 0.9806	 1.0000	 0.0720	 1.0000	 1.0000	 1.0000	 0.0027	 1.0000	 1.0000	 0.1367	 1.0000	 1.0000	 0.0000	 1.0000	 1.0000	 1.0000	 0.0000	 0.9732	 1.0000	 1.0000	 1.0000	 1.0000	 0.0000	 0.0000	 1.0000	 0.2141	 1.0000	 1.0000	 1.0000	 0.1860	 1.0000	 1.0000	 1.0000	 1.0000	 0.0081	 1.0000	 0.0901	 1.0000	 0.9974	 1.0000	 0.0000	 1.0000	 0.0188	 1.0000	 0.0711	 1.0000	 1.0000	 1.0000	 0.1886	 0.0008	 1.0000	 1.0000	 1.0000	 0.3604	 0.4806	 0.0783
 4.00	 0.9999	 0.0270	 1.0000	 0.4721	 0.9998	 0.0000	 1.0000	 0.9693	 1.0000	 0.0462	 1.0000	 1.0000	 1.0000	 0.0013	 1.0000	 1.0000	 0.0819	 1.0000	 1.0000	 0.0000	 1.0000	 1.0000	 1.0000	 0.0000	 0.9536	 1.0000	 1.0000	 1.0000	 1.0000	 0.0000	 0.0000	 1.0000	 0.1430	 1.0000	 1.0000	 1.0000	 0.1253	 1.0000	 1.0000	 1.0000	 1.0000	 0.0050	 1.0000	 0.0526	 1.0000	 0.9957	 1.0000	 0.0001	 1.0000	 0.0118	 1.0000	 0.0461	 1.0000	 1.0000	 1.0000	 0.1220	 0.0005	 1.0000	 1.0000	 1.0000	 0.2736	 0.3891	 0.0600
 4.25	 0.9999	 0.0160	 1.0000	 0.3539	 0.9999	 0.0000	 1.0000	 0.9502	 1.0000	 0.0258	 1.0000	 1.0000	 1.0000	 0.0007	 1.0000	 1.0000	 0.0512	 1.0000	 1.0000	 0.0000	 1.0000	 1.0000	 1.0000	 0.0000	 0.9228	 1.0000	 1.0000	 1.0000	 1.0000	 0.0000	 0.0000	 1.0000	 0.0906	 1.0000	 1.0000	 1.0000	 0.0763	 1.0000	 1.0000	 1.0000	 1.0000	 0.0027	 1.0000	 0.0334	 1.0000	 0.9922	 1.0000	 0.0000	 1.0000	 0.0077	 1.0000	 0.0289	 1.0000	 1.0000	 1.0000	 0.0738	 0.0007	 1.0000	 1.0000	 1.0000	 0.2027	 0.2973	 0.0453
 4.50	 0.9998	 0.0096	 1.0000	 0.2456	 0.9998	 0.0000	 0.9999	 0.9180	 1.0000	 0.0164	 1.0000	 1.0000	 1.0000	 0.0006	 1.0000	 1.0000	 0.0304	 1.0000	 1.0000	 0.0000	 1.0000	 1.0000	 1.0000	 0.0000	 0.8734	 1.0000	 1.0000	 1.0000	 1.0000	 0.0000	 0.0000	 1.0000	 0.0550	 1.0000	 1.0000	 1.0000	 0.0462	 1.0000	 1.0000	 0.9999	 1.0000	 0.0022	 1.0000	 0.0176	 1.0000	 0.9871	 1.0000	 0.0000	 1.0000	 0.0040	 1.0000	 0.0175	 1.0000	 1.0000	 1.0000	 0.0428	 0.0005	 1.0000	 1.0000	 1.0000	 0.1402	 0.2115	 0.0341
 4.75	 0.9999	 0.0062	 1.0000	 0.1650	 0.9994	 0.0000	 1.0000	 0.8675	 1.0000	 0.0098	 1.0000	 1.0000	 1.0000	 0.0003	 1.0000	 1.0000	 0.0148	 1.0000	 1.0000	 0.0000	 1.0000	 1.0000	 1.0000	 0.0000	 0.8010	 1.0000	 1.0000	 1.0000	 1.0000	 0.0000	 0.0000	 1.0000	 0.0324	 1.0000	 1.0000	 1.0000	 0.0305	 1.0000	 1.0000	 0.9998	 0.9999	 0.0019	 1.0000	 0.0121	 1.0000	 0.9763	 1.0000	 0.0000	 1.0000	 0.0025	 1.0000	 0.0095	 1.0000	 1.0000	 1.0000	 0.0276	 0.0005	 1.0000	 1.0000	 1.0000	 0.0900	 0.1442	 0.0211
 5.00	 0.9999	 0.0032	 1.0000	 0.1027	 0.9991	 0.0000	 1.0000	 0.7936	 1.0000	 0.0065	 1.0000	 1.0000	 0.9999	 0.0002	 1.0000	 1.0000	 0.0088	 1.0000	 1.0000	 0.0000	 1.0000	 1.0000	 1.0000	 0.0000	 0.6929	 1.0000	 1.0000	 1.0000	 1.0000	 0.0000	 0.0000	 1.0000	 0.0191	 1.0000	 1.0000	 1.0000	 0.0187	 1.0000	 1.0000	 0.9997	 0.9999	 0.0009	 1.0000	 0.0061	 1.0000	 0.9605	 1.0000	 0.0000	 1.0000	 0.0016	 1.0000	 0.0061	 1.0000	 1.0000	 1.0000	 0.0163	 0.0004	 1.0000	 0.9999	 1.0000	 0.0563	 0.0931	 0.0134
 5.25	 0.9996	 0.0015	 1.0000	 0.0614	 0.9983	 0.0000	 0.9999	 0.6844	 1.0000	 0.0038	 1.0000	 1.0000	 0.9998	 0.0001	 1.0000	 1.0000	 0.0064	 1.0000	 1.0000	 0.0000	 1.0000	 1.0000	 1.0000	 0.0000	 0.5587	 1.0000	 0.9999	 1.0000	 1.0000	 0.0000	 0.0000	 1.0000	 0.0113	 1.0000	 1.0000	 1.0000	 0.0093	 1.0000	 1.0000	 0.9996	 0.9998	 0.0008	 1.0000	 0.0034	 1.0000	 0.9326	 1.0000	 0.0000	 1.0000	 0.0010	 1.0000	 0.0037	 1.0000	 1.0000	 1.0000	 0.0096	 0.0003	 1.0000	 0.9999	 1.0000	 0.0358	 0.0557	 0.0076
 5.50	 0.9994	 0.0009	 1.0000	 0.0379	 0.9978	 0.0000	 0.9998	 0.5540	 1.0000	 0.0028	 1.0000	 1.0000	 1.0000	 0.0000	 1.0000	 1.0000	 0.0030	 1.0000	 1.0000	 0.0000	 1.0000	 1.0000	 1.0000	 0.0000	 0.4175	 1.0000	 1.0000	 1.0000	 1.0000	 0.0000	 0.0000	 1.0000	 0.0070	 1.0000	 1.0000	 1.0000	 0.0054	 1.0000	 1.0000	 0.9993	 0.9997	 0.0005	 1.0000	 0.0023	 1.0000	 0.8892	 1.0000	 0.0000	 1.0000	 0.0005	 1.0000	 0.0019	 1.0000	 1.0000	 1.0000	 0.0062	 0.0003	 1.0000	 0.9998	 1.0000	 0.0217	 0.0326	 0.0050
 5.75	 0.9990	 0.0006	 1.0000	 0.0228	 0.9964	 0.0000	 0.9998	 0.4132	 1.0000	 0.0020	 1.0000	 1.0000	 0.9999	 0.0001	 1.0000	 1.0000	 0.0021	 1.0000	 0.9999	 0.0000	 1.0000	 1.0000	 0.9999	 0.0000	 0.2893	 1.0000	 0.9999	 1.0000	 1.0000	 0.0000	 0.0000	 0.9999	 0.0039	 1.0000	 1.0000	 1.0000	 0.0025	 1.0000	 1.0000	 0.9987	 0.9995	 0.0004	 0.9999	 0.0015	 1.0000	 0.8154	 1.0000	 0.0000	 1.0000	 0.0003	 1.0000	 0.0009	 1.0000	 1.0000	 1.0000	 0.0040	 0.0002	 1.0000	 0.9998	 1.0000	 0.0126	 0.0176	 0.0031
 6.00	 0.9985	 0.0003	 1.0000	 0.0135	 0.9936	 0.0000	 0.9997	 0.2851	 1.0000	 0.0010	 0.9999	 1.0000	 0.9997	 0.0000	 1.0000	 1.0000	 0.0011	 1.0000	 1.0000	 0.0000	 1.0000	 1.0000	 1.0000	 0.0000	 0.1857	 0.9999	 0.9998	 1.0000	 1.0000	 0.0000	 0.0000	 0.9998	 0.0016	 1.0000	 1.0000	 1.0000	 0.0015	 1.0000	 1.0000	 0.9977	 0.9992	 0.0003	 0.9999	 0.0004	 0.9999	 0.7156	 1.0000	 0.0000	 1.0000	 0.0002	 1.0000	 0.0008	 1.0000	 1.0000	 1.0000	 0.0021	 0.0002	 1.0000	 0.9995	 1.0000	 0.0064	 0.0131	 0.0015
 6.25	 0.9978	 0.0002	 1.0000	 0.0074	 0.9890	 0.0000	 0.9993	 0.1821	 1.0000	 0.0005	 0.9999	 1.0000	 0.9996	 0.0000	 1.0000	 1.0000	 0.0003	 1.0000	 1.0000	 0.0000	 1.0000	 1.0000	 0.9999	 0.0000	 0.1138	 0.9999	 0.9997	 1.0000	 1.0000	 0.0000	 0.0000	 0.9999	 0.0012	 1.0000	 1.0000	 0.9999	 0.0012	 1.0000	 1.0000	 0.9963	 0.9987	 0.0000	 0.9998	 0.0008	 0.9999	 0.5898	 1.0000	 0.0000	 0.9999	 0.0001	 1.0000	 0.0004	 1.0000	 1.0000	 1.0000	 0.0015	 0.0001	 1.0000	 0.9992	 0.9999	 0.0040	 0.0072	 0.0010
 6.50	 0.9954	 0.0002	 1.0000	 0.0037	 0.9810	 0.0000	 0.9981	 0.1117	 0.9999	 0.0002	 0.9997	 1.0000	 0.9993	 0.0000	 1.0000	 0.9999	 0.0004	 1.0000	 1.0000	 0.0000	 1.0000	 1.0000	 0.9998	 0.0000	 0.0673	 0.9998	 0.9995	 1.0000	 1.0000	 0.0000	 0.0000	 0.9995	 0.0006	 1.0000	 0.9999	 0.9999	 0.0007	 1.0000	 1.0000	 0.9936	 0.9977	 0.0001	 0.9996	 0.0005	 0.9997	 0.4467	 1.0000	 0.0000	 0.9998	 0.0001	 1.0000	 0.0002	 1.0000	 1.0000	 1.0000	 0.0011	 0.0001	 1.0000	 0.9993	 1.0000	 0.0025	 0.0033	 0.0006
 6.75	 0.9924	 0.0001	 0.9999	 0.0023	 0.9644	 0.0000	 0.9975	 0.0680	 0.9999	 0.0002	 0.9996	 0.9999	 0.9986	 0.0000	 1.0000	 1.0000	 0.0002	 1.0000	 0.9999	 0.0000	 1.0000	 1.0000	 0.9994	 0.0000	 0.0397	 0.9998	 0.9990	 1.0000	 1.0000	 0.0000	 0.0000	 0.9996	 0.0004	 1.0000	 1.0000	 0.9997	 0.0002	 1.0000	 0.9999	 0.9896	 0.9967	 0.0001	 0.9993	 0.0003	 0.9996	 0.3080	 1.0000	 0.0000	 0.9998	 0.0001	 1.0000	 0.0001	 1.0000	 1.0000	 1.0000	 0.0007	 0.0000	 1.0000	 0.9986	 0.9999	 0.0011	 0.0023	 0.0003
 7.00	 0.9839	 0.0001	 0.9999	 0.0014	 0.9405	 0.0000	 0.9960	 0.0381	 0.9999	 0.0003	 0.9995	 0.9999	 0.9978	 0.0000	 1.0000	 1.0000	 0.0000	 1.0000	 0.9999	 0.0000	 1.0000	 1.0000	 0.9990	 0.0000	 0.0234	 0.9995	 0.9984	 1.0000	 1.0000	 0.0000	 0.0000	 0.9993	 0.0004	 1.0000	 0.9998	 0.9998	 0.0001	 1.0000	 0.9998	 0.9816	 0.9939	 0.0001	 0.9990	 0.0001	 0.9993	 0.2004	 1.0000	 0.0000	 0.9997	 0.0000	 1.0000	 0.0001	 1.0000	 1.0000	 0.9999	 0.0003	 0.0000	 0.9999	 0.9977	 0.9999	 0.0008	 0.0012	 0.0002
 7.25	 0.9741	 0.0002	 0.9999	 0.0010	 0.9007	 0.0000	 0.9936	 0.0215	 0.9997	 0.0002	 0.9987	 0.9998	 0.9956	 0.0000	 1.0000	 1.0000	 0.0000	 1.0000	 0.9994	 0.0000	 1.0000	 1.0000	 0.9972	 0.0000	 0.0131	 0.9992	 0.9975	 1.0000	 1.0000	 0.0000	 0.0000	 0.9982	 0.0001	 1.0000	 0.9998	 0.9994	 0.0001	 1.0000	 0.9997	 0.9683	 0.9895	 0.0000	 0.9983	 0.0001	 0.9992	 0.1255	 1.0000	 0.0000	 0.9997	 0.0000	 1.0000	 0.0000	 1.0000	 1.0000	 0.9999	 0.0001	 0.0000	 0.9999	 0.9960	 0.9998	 0.0006	 0.0005	 0.0002
 7.50	 0.9550	 0.0001	 0.9998	 0.0006	 0.8375	 0.0000	 0.9873	 0.0130	 0.9996	 0.0000	 0.9978	 0.9996	 0.9921	 0.0000	 1.0000	 1.0000	 0.0000	 0.9999	 0.9992	 0.0000	 0.9999	 0.9999	 0.9958	 0.0000	 0.0072	 0.9986	 0.9957	 1.0000	 1.0000	 0.0000	 0.0000	 0.9976	 0.0001	 1.0000	 0.9994	 0.9990	 0.0001	 1.0000	 0.9995	 0.9476	 0.9823	 0.0000	 0.9972	 0.0001	 0.9991	 0.0748	 1.0000	 0.0000	 0.9993	 0.0000	 1.0000	 0.0000	 1.0000	 0.9999	 0.9999	 0.0001	 0.0000	 0.9999	 0.9937	 0.9996	 0.0004	 0.0004	 0.0001
 7.75	 0.9231	 0.0003	 0.9995	 0.0004	 0.7525	 0.0000	 0.9812	 0.0078	 0.9991	 0.0001	 0.9968	 0.9993	 0.9860	 0.0000	 1.0000	 0.9999	 0.0000	 0.9999	 0.9988	 0.0000	 1.0000	 0.9999	 0.9924	 0.0000	 0.0042	 0.9981	 0.9924	 1.0000	 1.0000	 0.0000	 0.0000	 0.9953	 0.0000	 1.0000	 0.9989	 0.9983	 0.0000	 1.0000	 0.9992	 0.9152	 0.9704	 0.0000	 0.9948	 0.0000	 0.9976	 0.0448	 1.0000	 0.0000	 0.9986	 0.0000	 1.0000	 0.0000	 1.0000	 0.9998	 0.9999	 0.0000	 0.0000	 0.9999	 0.9886	 0.9993	 0.0003	 0.0003	 0.0000
 8.00	 0.8713	 0.0001	 0.9994	 0.0003	 0.6439	 0.0000	 0.9720	 0.0042	 0.9985	 0.0000	 0.9935	 0.9987	 0.9768	 0.0000	 1.0000	 0.9997	 0.0000	 0.9999	 0.9983	 0.0000	 1.0000	 0.9999	 0.9887	 0.0000	 0.0026	 0.9956	 0.9881	 1.0000	 1.0000	 0.0000	 0.0000	 0.9919	 0.0000	 1.0000	 0.9981	 0.9972	 0.0000	 1.0000	 0.9987	 0.8683	 0.9547	 0.0000	 0.9930	 0.0000	 0.9965	 0.0259	 1.0000	 0.0000	 0.9977	 0.0000	 1.0000	 0.0000	 1.0000	 0.9998	 0.9998	 0.0000	 0.0000	 0.9996	 0.9799	 0.9988	 0.0000	 0.0001	 0.0000
 8.25	 0.7945	 0.0002	 0.9990	 0.0001	 0.5223	 0.0000	 0.9590	 0.0026	 0.9973	 0.0000	 0.9897	 0.9978	 0.9610	 0.0000	 1.0000	 0.9993	 0.0000	 0.9999	 0.9966	 0.0000	 1.0000	 0.9998	 0.9811	 0.0000	 0.0017	 0.9923	 0.9802	 1.0000	 1.0000	 0.0000	 0.0000	 0.9836	 0.0000	 1.0000	 0.9972	 0.9940	 0.0000	 1.0000	 0.9983	 0.8081	 0.9302	 0.0000	 0.9875	 0.0000	 0.9928	 0.0145	 1.0000	 0.0000	 0.9967	 0.0000	 1.0000	 0.0000	 1.0000	 0.9994	 0.9992	 0.0000	 0.0000	 0.9991	 0.9660	 0.9984	 0.0000	 0.0001	 0.0000
 8.50	 0.6856	 0.0001	 0.9985	 0.0001	 0.4054	 0.0000	 0.9428	 0.0016	 0.9954	 0.0000	 0.9828	 0.9962	 0.9303	 0.0000	 1.0000	 0.9987	 0.0000	 0.9998	 0.9943	 0.0000	 0.9997	 0.9997	 0.9674	 0.0000	 0.0009	 0.9867	 0.9683	 1.0000	 1.0000	 0.0000	 0.0000	 0.9705	 0.0000	 1.0000	 0.9942	 0.9890	 0.0000	 1.0000	 0.9978	 0.7361	 0.8969	 0.0000	 0.9815	 0.0000	 0.9889	 0.0085	 1.0000	 0.0000	 0.9938	 0.0000	 1.0000	 0.0000	 1.0000	 0.9989	 0.9992	 0.0000	 0.0000	 0.9989	 0.9430	 0.9979	 0.0000	 0.0001	 0.0000
 8.75	 0.5555	 0.0001	 0.9976	 0.0001	 0.3088	 0.0000	 0.9240	 0.0008	 0.9916	 0.0000	 0.9704	 0.9933	 0.8898	 0.0000	 1.0000	 0.9982	 0.0000	 0.9998	 0.9893	 0.0000	 0.9995	 0.9995	 0.9516	 0.0000	 0.0006	 0.9773	 0.9518	 1.0000	 1.0000	 0.0000	 0.0000	 0.9535	 0.0000	 1.0000	 0.9906	 0.9821	 0.0000	 1.0000	 0.9970	 0.6546	 0.8570	 0.0000	 0.9729	 0.0000	 0.9803	 0.0052	 1.0000	 0.0000	 0.9900	 0.0000	 1.0000	 0.0000	 1.0000	 0.9977	 0.9986	 0.0000	 0.0000	 0.9986	 0.9055	 0.9974	 0.0000	 0.0000	 0.0000
 9.00	 0.4138	 0.0000	 0.9973	 0.0000	 0.2281	 0.0000	 0.8980	 0.0006	 0.9862	 0.0000	 0.9509	 0.9892	 0.8232	 0.0000	 1.0000	 0.9971	 0.0000	 0.9996	 0.9839	 0.0000	 0.9993	 0.9994	 0.9245	 0.0000	 0.0003	 0.9627	 0.9292	 1.0000	 1.0000	 0.0000	 0.0000	 0.9204	 0.0000	 1.0000	 0.9840	 0.9667	 0.0000	 1.0000	 0.9964	 0.5705	 0.8098	 0.0000	 0.9622	 0.0000	 0.9696	 0.0025	 1.0000	 0.0000	 0.9831	 0.0000	 1.0000	 0.0000	 1.0000	 0.9964	 0.9976	 0.0000	 0.0000	 0.9970	 0.8588	 0.9960	 0.0000	 0.0000	 0.0000
 9.25	 0.2883	 0.0000	 0.9950	 0.0000	 0.1659	 0.0000	 0.8651	 0.0004	 0.9781	 0.0000	 0.9190	 0.9834	 0.7456	 0.0000	 1.0000	 0.9951	 0.0000	 0.9995	 0.9730	 0.0000	 0.9994	 0.9990	 0.8860	 0.0000	 0.0002	 0.9355	 0.8946	 1.0000	 1.0000	 0.0000	 0.0000	 0.8701	 0.0000	 1.0000	 0.9715	 0.9444	 0.0000	 1.0000	 0.9949	 0.4946	 0.7629	 0.0000	 0.9436	 0.0000	 0.9516	 0.0017	 1.0000	 0.0000	 0.9689	 0.0000	 1.0000	 0.0000	 1.0000	 0.9939	 0.9960	 0.0000	 0.0000	 0.9947	 0.7893	 0.9956	 0.0000	 0.0000	 0.0000
 9.50	 0.1882	 0.0000	 0.9938	 0.0000	 0.1237	 0.0000	 0.8209	 0.0003	 0.9626	 0.0000	 0.8751	 0.9754	 0.6470	 0.0000	 1.0000	 0.9923	 0.0000	 0.9994	 0.9574	 0.0000	 0.9987	 0.9986	 0.8310	 0.0000	 0.0002	 0.8924	 0.8495	 1.0000	 1.0000	 0.0000	 0.0000	 0.7930	 0.0000	 1.0000	 0.9552	 0.9116	 0.0000	 1.0000	 0.9930	 0.4254	 0.7117	 0.0000	 0.9246	 0.0000	 0.9233	 0.0009	 1.0000	 0.0000	 0.9464	 0.0000	 1.0000	 0.0000	 1.0000	 0.9891	 0.9926	 0.0000	 0.0000	 0.9935	 0.7088	 0.9932	 0.0000	 0.0000	 0.0000
 9.75	 0.1176	 0.0000	 0.9916	 0.0000	 0.0908	 0.0000	 0.7621	 0.0002	 0.9418	 0.0000	 0.8111	 0.9638	 0.5483	 0.0000	 1.0000	 0.9853	 0.0000	 0.9991	 0.9300	 0.0000	 0.9975	 0.9977	 0.7603	 0.0000	 0.0001	 0.8291	 0.7933	 1.0000	 1.0000	 0.0000	 0.0000	 0.7089	 0.0000	 1.0000	 0.9286	 0.8558	 0.0000	 1.0000	 0.9910	 0.3704	 0.6597	 0.0000	 0.9046	 0.0000	 0.8787	 0.0006	 1.0000	 0.0000	 0.9118	 0.0000	 1.0000	 0.0000	 1.0000	 0.9843	 0.9874	 0.0000	 0.0000	 0.9880	 0.6229	 0.9904	 0.0000	 0.0000	 0.0000
10.00	 0.0741	 0.0000	 0.9835	 0.0000	 0.0683	 0.0000	 0.6925	 0.0001	 0.9094	 0.0000	 0.7330	 0.9496	 0.4527	 0.0000	 1.0000	 0.9795	 0.0000	 0.9988	 0.8944	 0.0000	 0.9961	 0.9971	 0.6757	 0.0000	 0.0001	 0.7375	 0.7254	 1.0000	 1.0000	 0.0000	 0.0000	 0.5926	 0.0000	 1.0000	 0.9000	 0.7797	 0.0000	 1.0000	 0.9878	 0.3174	 0.6110	 0.0000	 0.8747	 0.0000	 0.8154	 0.0003	 1.0000	 0.0000	 0.8559	 0.0000	 1.0000	 0.0000	 1.0000	 0.9728	 0.9802	 0.0000	 0.0000	 0.9869	 0.5310	 0.9875	 0.0000	 0.0000	 0.0000
10.25	 0.0442	 0.0000	 0.9752	 0.0000	 0.0520	 0.0000	 0.6150	 0.0001	 0.8717	 0.0000	 0.6288	 0.9326	 0.3605	 0.0000	 1.0000	 0.9674	 0.0000	 0.9978	 0.8391	 0.0000	 0.9938	 0.9956	 0.5782	 0.0000	 0.0000	 0.6194	 0.6466	 1.0000	 1.0000	 0.0000	 0.0000	 0.4820	 0.0000	 1.0000	 0.8611	 0.6899	 0.0000	 1.0000	 0.9854	 0.2806	 0.5585	 0.0000	 0.8456	 0.0000	 0.7273	 0.0002	 1.0000	 0.0000	 0.7829	 0.0000	 1.0000	 0.0000	 1.0000	 0.9565	 0.9680	 0.0000	 0.0000	 0.9810	 0.4379	 0.9815	 0.0000	 0.0000	 0.0000
10.50	 0.0281	 0.0000	 0.9605	 0.0000	 0.0402	 0.0000	 0.5281	 0.0002	 0.8105	 0.0000	 0.5182	 0.9108	 0.2806	 0.0000	 1.0000	 0.9534	 0.0000	 0.9975	 0.7657	 0.0000	 0.9884	 0.9939	 0.4873	 0.0000	 0.0000	 0.4837	 0.5612	 1.0000	 1.0000	 0.0000	 0.0000	 0.3795	 0.0000	 1.0000	 0.8207	 0.5796	 0.0000	 1.0000	 0.9813	 0.2384	 0.5139	 0.0000	 0.8109	 0.0000	 0.6297	 0.0001	 1.0000	 0.0000	 0.6796	 0.0000	 1.0000	 0.0000	 1.0000	 0.9380	 0.9455	 0.0000	 0.0000	 0.9759	 0.3524	 0.9742	 0.0000	 0.0000	 0.0000
10.75	 0.0174	 0.0000	 0.9311	 0.0000	 0.0306	 0.0000	 0.4314	 0.0001	 0.7363	 0.0000	 0.4104	 0.8850	 0.2087	 0.0000	 1.0000	 0.9298	 0.0000	 0.9959	 0.6733	 0.0000	 0.9842	 0.9920	 0.3977	 0.0000	 0.0001	 0.3532	 0.4717	 1.0000	 1.0000	 0.0000	 0.0000	 0.2921	 0.0000	 1.0000	 0.7639	 0.4643	 0.0000	 1.0000	 0.9781	 0.2060	 0.4755	 0.0000	 0.7701	 0.0000	 0.5196	 0.0001	 1.0000	 0.0000	 0.5566	 0.0000	 1.0000	 0.0000	 1.0000	 0.9072	 0.9135	 0.0000	 0.0000	 0.9666	 0.2771	 0.9657	 0.0000	 0.0000	 0.0000
11.00	 0.0114	 0.0000	 0.8896	 0.0000	 0.0232	 0.0000	 0.3501	 0.0001	 0.6491	 0.0000	 0.3085	 0.8487	 0.1517	 0.0000	 1.0000	 0.8970	 0.0000	 0.9947	 0.5658	 0.0000	 0.9761	 0.9881	 0.3119	 0.0000	 0.0000	 0.2398	 0.3848	 1.0000	 1.0000	 0.0000	 0.0000	 0.2182	 0.0000	 1.0000	 0.6988	 0.3616	 0.0000	 1.0000	 0.9743	 0.1695	 0.4379	 0.0000	 0.7316	 0.0000	 0.4018	 0.0000	 1.0000	 0.0000	 0.4190	 0.0000	 1.0000	 0.0000	 1.0000	 0.8672	 0.8692	 0.0000	 0.0000	 0.9563	 0.2124	 0.9518	 0.0000	 0.0000	 0.0000
11.25	 0.0073	 0.0000	 0.8284	 0.0000	 0.0169	 0.0000	 0.2729	 0.0000	 0.5543	 0.0000	 0.2278	 0.8052	 0.1082	 0.0000	 1.0000	 0.8450	 0.0000	 0.9927	 0.4473	 0.0000	 0.9636	 0.9843	 0.2397	 0.0000	 0.0000	 0.1549	 0.3038	 1.0000	 1.0000	 0.0000	 0.0000	 0.1602	 0.0000	 1.0000	 0.6174	 0.2689	 0.0000	 1.0000	 0.9675	 0.1428	 0.3934	 0.0000	 0.6906	 0.0000	 0.2967	 0.0000	 1.0000	 0.0000	 0.3031	 0.0000	 1.0000	 0.0000	 1.0000	 0.8197	 0.8038	 0.0000	 0.0000	 0.9379	 0.1628	 0.9329	 0.0000	 0.0000	 0.0000
11.50	 0.0050	 0.0000	 0.7368	 0.0000	 0.0129	 0.0000	 0.2073	 0.0000	 0.4553	 0.0000	 0.1618	 0.7488	 0.0769	 0.0000	 1.0000	 0.7737	 0.0000	 0.9898	 0.3372	 0.0000	 0.9416	 0.9786	 0.1767	 0.0000	 0.0000	 0.0969	 0.2259	 1.0000	 1.0000	 0.0000	 0.0000	 0.1166	 0.0000	 1.0000	 0.5192	 0.1929	 0.0000	 1.0000	 0.9601	 0.1148	 0.3621	 0.0000	 0.6426	 0.0000	 0.2087	 0.0000	 1.0000	 0.0000	 0.2040	 0.0000	 1.0000	 0.0000	 1.0000	 0.7662	 0.7138	 0.0000	 0.0000	 0.9185	 0.1220	 0.9092	 0.0000	 0.0000	 0.0000
11.75	 0.0035	 0.0000	 0.6245	 0.0000	 0.0096	 0.0000	 0.1566	 0.0000	 0.3680	 0.0000	 0.1161	 0.6732	 0.0552	 0.0000	 1.0000	 0.6844	 0.0000	 0.9851	 0.2449	 0.0000	 0.9138	 0.9700	 0.1262	 0.0000	 0.0000	 0.0587	 0.1601	 1.0000	 1.0000	 0.0000	 0.0000	 0.0807	 0.0000	 1.0000	 0.4147	 0.1335	 0.0000	 1.0000	 0.9524	 0.0888	 0.3300	 0.0000	 0.5866	 0.0000	 0.1410	 0.0000	 1.0000	 0.0000	 0.1320	 0.0000	 1.0000	 0.0000	 1.0000	 0.7069	 0.6083	 0.0000	 0.0000	 0.8877	 0.0937	 0.8753	 0.0000	 0.0000	 0.0000
12.00	 0.0028	 0.0000	 0.4920	 0.0000	 0.0078	 0.0000	 0.1166	 0.0000	 0.2870	 0.0000	 0.0820	 0.5890	 0.0382	 0.0000	 1.0000	 0.5768	 0.0000	 0.9795	 0.1699	 0.0000	 0.8724	 0.9589	 0.0880	 0.0000	 0.0000	 0.0348	 0.1124	 1.0000	 1.0000	 0.0000	 0.0000	 0.0565	 0.0000	 1.0000	 0.3065	 0.0916	 0.0000	 1.0000	 0.9402	 0.0704	 0.2933	 0.0000	 0.5258	 0.0000	 0.0953	 0.0000	 1.0000	 0.0000	 0.0816	 0.0000	 1.0000	 0.0000	 1.0000	 0.6334	 0.4925	 0.0000	 0.0000	 0.8443	 0.0741	 0.8239	 0.0000	 0.0000	 0.0000
12.25	 0.0015	 0.0000	 0.3612	 0.0000	 0.0061	 0.0000	 0.0905	 0.0000	 0.2186	 0.0000	 0.0570	 0.4935	 0.0271	 0.0000	 1.0000	 0.4605	 0.0000	 0.9716	 0.1164	 0.0000	 0.8071	 0.9418	 0.0593	 0.0000	 0.0000	 0.0200	 0.0755	 0.9999	 1.0000	 0.0000	 0.0000	 0.0377	 0.0000	 1.0000	 0.2116	 0.0595	 0.0000	 1.0000	 0.9216	 0.0548	 0.2544	 0.0000	 0.4567	 0.0000	 0.0604	 0.0000	 1.0000	 0.0000	 0.0517	 0.0000	 1.0000	 0.0000	 1.0000	 0.5507	 0.3801	 0.0000	 0.0000	 0.7860	 0.0600	 0.7582	 0.0000	 0.0000	 0.0000
12.50	 0.0011	 0.0000	 0.2456	 0.0000	 0.0047	 0.0000	 0.0688	 0.0000	 0.1627	 0.0000	 0.0382	 0.3946	 0.0193	 0.0000	 1.0000	 0.3497	 0.0000	 0.9610	 0.0783	 0.0000	 0.7214	 0.9212	 0.0399	 0.0000	 0.0000	 0.0124	 0.0513	 1.0000	 1.0000	 0.0000	 0.0000	 0.0236	 0.0000	 1.0000	 0.1409	 0.0372	 0.0000	 1.0000	 0.8970	 0.0479	 0.2125	 0.0000	 0.3771	 0.0000	 0.0396	 0.0000	 1.0000	 0.0000	 0.0306	 0.0000	 1.0000	 0.0000	 1.0000	 0.4550	 0.2807	 0.0000	 0.0000	 0.7047	 0.0485	 0.6780	 0.0000	 0.0000	 0.0000
12.75	 0.0007	 0.0000	 0.1588	 0.0000	 0.0037	 0.0000	 0.0546	 0.0000	 0.1152	 0.0000	 0.0261	 0.2983	 0.0133	 0.0000	 1.0000	 0.2488	 0.0000	 0.9465	 0.0530	 0.0000	 0.6156	 0.8929	 0.0268	 0.0000	 0.0000	 0.0071	 0.0323	 0.9999	 1.0000	 0.0000	 0.0000	 0.0149	 0.0000	 1.0000	 0.0894	 0.0214	 0.0000	 1.0000	 0.8684	 0.0348	 0.1740	 0.0000	 0.2969	 0.0000	 0.0250	 0.0000	 1.0000	 0.0000	 0.0188	 0.0000	 1.0000	 0.0000	 1.0000	 0.3551	 0.1981	 0.0000	 0.0000	 0.6054	 0.0384	 0.5861	 0.0000	 0.0000	 0.0000
13.00	 0.0003	 0.0000	 0.0976	 0.0000	 0.0031	 0.0000	 0.0437	 0.0000	 0.0798	 0.0000	 0.0167	 0.2097	 0.0094	 0.0000	 1.0000	 0.1714	 0.0000	 0.9262	 0.0349	 0.0000	 0.4942	 0.8623	 0.0179	 0.0000	 0.0000	 0.0040	 0.0236	 0.9999	 1.0000	 0.0000	 0.0000	 0.0094	 0.0000	 1.0000	 0.0532	 0.0132	 0.0000	 1.0000	 0.8286	 0.0276	 0.1293	 0.0000	 0.2224	 0.0000	 0.0172	 0.0000	 1.0000	 0.0000	 0.0109	 0.0000	 1.0000	 0.0000	 1.0000	 0.2588	 0.1336	 0.0000	 0.0000	 0.4912	 0.0298	 0.4876	 0.0000	 0.0000	 0.0000
13.25	 0.0002	 0.0000	 0.0592	 0.0000	 0.0024	 0.0000	 0.0354	 0.0000	 0.0526	 0.0000	 0.0099	 0.1448	 0.0060	 0.0000	 1.0000	 0.1099	 0.0000	 0.9032	 0.0227	 0.0000	 0.3782	 0.8275	 0.0121	 0.0000	 0.0000	 0.0023	 0.0146	 0.9998	 1.0000	 0.0000	 0.0000	 0.0053	 0.0000	 1.0000	 0.0316	 0.0075	 0.0000	 1.0000	 0.7780	 0.0210	 0.0927	 0.0000	 0.1604	 0.0000	 0.0105	 0.0000	 1.0000	 0.0000	 0.0061	 0.0000	 1.0000	 0.0000	 1.0000	 0.1777	 0.0864	 0.0000	 0.0000	 0.3688	 0.0220	 0.3915	 0.0000	 0.0000	 0.0000
13.50	 0.0002	 0.0000	 0.0351	 0.0000	 0.0020	 0.0000	 0.0276	 0.0000	 0.0335	 0.0000	 0.0065	 0.0924	 0.0041	 0.0000	 1.0000	 0.0680	 0.0000	 0.8714	 0.0146	 0.0000	 0.2759	 0.7801	 0.0073	 0.0000	 0.0000	 0.0013	 0.0099	 0.9997	 1.0000	 0.0000	 0.0000	 0.0035	 0.0000	 1.0000	 0.0194	 0.0046	 0.0000	 1.0000	 0.7108	 0.0156	 0.0663	 0.0000	 0.1094	 0.0000	 0.0061	 0.0000	 1.0000	 0.0000	 0.0033	 0.0000	 1.0000	 0.0000	 1.0000	 0.1146	 0.0553	 0.0000	 0.0000	 0.2567	 0.0154	 0.3092	 0.0000	 0.0000	 0.0000
13.75	 0.0001	 0.0000	 0.0197	 0.0000	 0.0014	 0.0000	 0.0213	 0.0000	 0.0198	 0.0000	 0.0036	 0.0590	 0.0026	 0.0000	 1.0000	 0.0408	 0.0000	 0.8310	 0.0092	 0.0000	 0.1961	 0.7236	 0.0051	 0.0000	 0.0000	 0.0007	 0.0057	 0.9996	 1.0000	 0.0000	 0.0000	 0.0019	 0.0000	 1.0000	 0.0105	 0.0025	 0.0000	 1.0000	 0.6350	 0.0120	 0.0450	 0.0000	 0.0721	 0.0000	 0.0040	 0.0000	 1.0000	 0.0000	 0.0018	 0.0000	 1.0000	 0.0000	 1.0000	 0.0711	 0.0323	 0.0000	 0.0000	 0.1697	 0.0099	 0.2395	 0.0000	 0.0000	 0.0000
14.00	 0.0000	 0.0000	 0.0121	 0.0000	 0.0012	 0.0000	 0.0158	 0.0000	 0.0116	 0.0000	 0.0023	 0.0346	 0.0014	 0.0000	 1.0000	 0.0244	 0.0000	 0.7809	 0.0060	 0.0000	 0.1372	 0.6500	 0.0034	 0.0000	 0.0000	 0.0005	 0.0040	 0.9994	 1.0000	 0.0000	 0.0000	 0.0012	 0.0000	 1.0000	 0.0064	 0.0014	 0.0000	 1.0000	 0.5441	 0.0089	 0.0315	 0.0000	 0.0466	 0.0000	 0.0024	 0.0000	 1.0000	 0.0000	 0.0012	 0.0000	 1.0000	 0.0000	 1.0000	 0.0426	 0.0195	 0.0000	 0.0000	 0.1086	 0.0063	 0.1796	 0.0000	 0.0000	 0.0000
14.25	 0.0000	 0.0000	 0.0066	 0.0000	 0.0010	 0.0000	 0.0124	 0.0000	 0.0063	 0.0000	 0.0013	 0.0208	 0.0008	 0.0000	 1.0000	 0.0143	 0.0000	 0.7141	 0.0038	 0.0000	 0.0939	 0.5659	 0.0022	 0.0000	 0.0000	 0.0003	 0.0023	 0.9992	 1.0000	 0.0000	 0.0000	 0.0006	 0.0000	 0.9999	 0.0037	 0.0010	 0.0000	 1.0000	 0.4453	 0.0059	 0.0187	 0.0000	 0.0301	 0.0000	 0.0015	 0.0000	 1.0000	 0.0000	 0.0006	 0.0000	 1.0000	 0.0000	 0.9999	 0.0244	 0.0115	 0.0000	 0.0000	 0.0651	 0.0040	 0.1394	 0.0000	 0.0000	 0.0000
14.50	 0.0000	 0.0000	 0.0040	 0.0000	 0.0008	 0.0000	 0.0089	 0.0000	 0.0039	 0.0000	 0.0008	 0.0117	 0.0005	 0.0000	 1.0000	 0.0082	 0.0000	 0.6313	 0.0021	 0.0000	 0.0611	 0.4748	 0.0012	 0.0000	 0.0000	 0.0002	 0.0014	 0.9989	 1.0000	 0.0000	 0.0000	 0.0004	 0.0000	 0.9999	 0.0020	 0.0004	 0.0000	 1.0000	 0.3497	 0.0048	 0.0125	 0.0000	 0.0187	 0.0000	 0.0009	 0.0000	 1.0000	 0.0000	 0.0004	 0.0000	 1.0000	 0.0000	 0.9999	 0.0141	 0.0062	 0.0000	 0.0000	 0.0382	 0.0023	 0.1087	 0.0000	 0.0000	 0.0000
14.75	 0.0000	 0.0000	 0.0024	 0.0000	 0.0006	 0.0000	 0.0066	 0.0000	 0.0022	 0.0000	 0.0003	 0.0064	 0.0004	 0.0000	 1.0000	 0.0047	 0.0000	 0.5383	 0.0011	 0.0000	 0.0392	 0.3820	 0.0010	 0.0000	 0.0000	 0.0001	 0.0009	 0.9986	 1.0000	 0.0000	 0.0000	 0.0001	 0.0000	 0.9999	 0.0011	 0.0002	 0.0000	 1.0000	 0.2664	 0.0033	 0.0085	 0.0000	 0.0115	 0.0000	 0.0006	 0.0000	 1.0000	 0.0000	 0.0002	 0.0000	 1.0000	 0.0000	 0.9998	 0.0083	 0.0037	 0.0000	 0.0000	 0.0222	 0.0014	 0.0802	 0.0000	 0.0000	 0.0000
15.00	 0.0000	 0.0000	 0.0014	 0.0000	 0.0006	 0.0000	 0.0045	 0.0000	 0.0012	 0.0000	 0.0002	 0.0046	 0.0003	 0.0000	 0.9999	 0.0027	 0.0000	 0.4362	 0.0011	 0.0000	 0.0253	 0.2906	 0.0006	 0.0000	 0.0000	 0.0001	 0.0006	 0.9979	 1.0000	 0.0000	 0.0000	 0.0001	 0.0000	 0.9998	 0.0007	 0.0002	 0.0000	 1.0000	 0.1916	 0.0017	 0.0054	 0.0000	 0.0073	 0.0000	 0.0003	 0.0000	 1.0000	 0.0000	 0.0002	 0.0000	 1.0000	 0.0000	 0.9998	 0.0047	 0.0021	 0.0000	 0.0000	 0.0126	 0.0008	 0.0586	 0.0000	 0.0000	 0.0000