#pH       total     NTR  291GLU     CTR
-5.00	 1.0000	 1.0000	 1.0000
-4.75	 1.0000	 1.0000	 1.0000
-4.50	 1.0000	 1.0000	 1.0000
-4.25	 1.0000	 1.0000	 1.0000
-4.00	 1.0000	 1.0000	 1.0000
-3.75	 1.0000	 1.0000	 1.0000
-3.50	 1.0000	 1.0000	 1.0000
-3.25	 1.0000	 1.0000	 1.0000
-3.00	 1.0000	 1.0000	 1.0000
-2.75	 1.0000	 1.0000	 1.0000
-2.50	 1.0000	 1.0000	 0.9999
-2.25	 1.0000	 1.0000	 0.9999
-2.00	 1.0000	 1.0000	 0.9998
-1.75	 1.0000	 0.9999	 0.9996
-1.50	 1.0000	 0.9999	 0.9993
-1.25	 1.0000	 0.9999	 0.9987
-1.00	 1.0000	 0.9998	 0.9976
-0.75	 1.0000	 0.9995	 0.9959
-0.50	 1.0000	 0.9992	 0.9926
-0.25	 1.0000	 0.9986	 0.9872
 0.00	 1.0000	 0.9975	 0.9775
 0.25	 1.0000	 0.9955	 0.9578
 0.50	 1.0000	 0.9920	 0.9291
 0.75	 1.0000	 0.9860	 0.8793
 1.00	 1.0000	 0.9768	 0.8050
 1.25	 1.0000	 0.9632	 0.7043
 1.50	 1.0000	 0.9415	 0.5756
 1.75	 1.0000	 0.9111	 0.4417
 2.00	 1.0000	 0.8712	 0.3184
 2.25	 1.0000	 0.8125	 0.2249
 2.50	 1.0000	 0.7287	 0.1540
 2.75	 1.0000	 0.6173	 0.1067
 3.00	 1.0000	 0.4840	 0.0666
 3.25	 1.0000	 0.3539	 0.0446
 3.50	 1.0000	 0.2369	 0.0284
 3.75	 1.0000	 0.1497	 0.0171
 4.00	 1.0000	 0.0932	 0.0099
 4.25	 1.0000	 0.0548	 0.0064
 4.50	 1.0000	 0.0325	 0.0036
 4.75	 0.9999	 0.0190	 0.0018
 5.00	 0.9998	 0.0110	 0.0011
 5.25	 0.9997	 0.0066	 0.0008
 5.50	 0.9994	 0.0036	 0.0005
 5.75	 0.9990	 0.0016	 0.0004
 6.00	 0.9980	 0.0010	 0.0003
 6.25	 0.9965	 0.0006	 0.0000
 6.50	 0.9931	 0.0003	 0.0000
 6.75	 0.9886	 0.0001	 0.0000
 7.00	 0.9802	 0.0000	 0.0000
 7.25	 0.9661	 0.0000	 0.0000
 7.50	 0.9405	 0.0000	 0.0000
 7.75	 0.8982	 0.0000	 0.0000
 8.00	 0.8349	 0.0000	 0.0000
 8.25	 0.7400	 0.0000	 0.0000
 8.50	 0.6156	 0.0000	 0.0000
 8.75	 0.4764	 0.0000	 0.0000
 9.00	 0.3386	 0.0000	 0.0000
 9.25	 0.2233	 0.0000	 0.0000
 9.50	 0.1398	 0.0000	 0.0000
 9.75	 0.0842	 0.0000	 0.0000
10.00	 0.0483	 0.0000	 0.0000
10.25	 0.0280	 0.0000	 0.0000
10.50	 0.0162	 0.0000	 0.0000
10.75	 0.0090	 0.0000	 0.0000
11.00	 0.0049	 0.0000	 0.0000
11.25	 0.0028	 0.0000	 0.0000
11.50	 0.0016	 0.0000	 0.0000
11.75	 0.0009	 0.0000	 0.0000
12.00	 0.0005	 0.0000	 0.0000
12.25	 0.0003	 0.0000	 0.0000
12.50	 0.0002	 0.0000	 0.0000
12.75	 0.0001	 0.0000	 0.0000
13.00	 0.0001	 0.0000	 0.0000
13.25	 0.0001	 0.0000	 0.0000
13.50	 0.0000	 0.0000	 0.0000
13.75	 0.0000	 0.0000	 0.0000
14.00	 0.0000	 0.0000	 0.0000
14.25	 0.0000	 0.0000	 0.0000
14.50	 0.0000	 0.0000	 0.0000
14.75	 0.0000	 0.0000	 0.0000
15.00	 0.0000	 0.0000	 0.0000