-1.75 2.24996 1
-1.50 2.49996 1
-1.25 2.44888 1
-1.00 2.76135 2
-0.75 2.82728 2
-0.50 2.84922 2
-0.25 2.82086 2
0.00 2.87158 2
0.25 2.84686 2
0.50 2.8475 2
0.75 2.84962 2
1.00 2.84381 2
1.25 2.83553 2
1.50 2.84189 2
1.75 2.84687 2
2.00 2.85466 2
2.25 2.86311 2
2.50 2.88218 2
2.75 2.90676 2
3.00 2.94239 2
3.25 2.9807 2
3.50 3.0338 2
3.75 3.07309 2
4.00 3.11452 2
4.25 3.13669 2
4.50 3.1657 2
4.75 3.20659 2
5.00 3.22698 2
5.25 3.21149 2
5.50 3.2509 2
5.75 3.21154 2
6.00 3.21649 2
6.25 3.26723 2
6.50 3.23884 2
6.75 3.28974 2
7.00 3.30112 1
7.25 3.25004 1
7.75 3.75004 1
