-3.25 0.327277
-3.00 0.426611
-2.75 0.371584
-2.50 1.00068
-2.25 1.10793
-2.00 1.17814
-1.75 1.1922
-1.50 1.19415
-1.25 1.24256
-1.00 1.2789
-0.75 1.29991
-0.50 1.32199
-0.25 1.33821
0.00 1.36483
0.25 1.37813
0.50 1.39587
0.75 1.41683
1.00 1.45241
1.25 1.49186
1.50 1.5427
1.75 1.60841
2.00 1.68315
2.25 1.77958
2.50 1.8781
2.75 1.99484
3.00 2.10029
3.25 2.23442
3.50 2.36054
3.75 2.49171
4.00 2.60761
4.25 2.6981
4.50 2.78753
4.75 2.83061
5.00 2.87075
5.25 2.93129
5.50 2.79855
5.75 3.23003
6.00 2.85841
6.25 2.98271
6.50 3.2952
6.75 3.30254
7.00 3.32537
7.25 3.70167
7.50 3.65058
