-2.50 1.49996 1
-2.25 1.74996 1
-2.00 1.69888 1
-1.75 1.64777 1
-1.50 1.6546 1
-1.25 2.19272 2
-1.00 2.30935 2
-0.75 2.29216 2
-0.50 2.26265 2
-0.25 2.2709 2
0.00 2.2456 2
0.25 2.23735 2
0.50 2.24104 2
0.75 2.24499 2
1.00 2.24807 2
1.25 2.25841 2
1.50 2.26258 2
1.75 2.26724 2
2.00 2.27849 2
2.25 2.3023 2
2.50 2.32991 2
2.75 2.36564 2
3.00 2.38777 2
3.25 2.43442 2
3.50 2.47237 2
3.75 2.50871 2
4.00 2.53581 2
4.25 2.58774 2
4.50 2.60991 2
4.75 2.59209 2
5.00 2.6093 2
5.25 2.69265 2
5.50 2.72877 2
5.75 2.81109 2
6.00 2.86665 2
6.25 3.20463 1
6.50 3.27841 1
6.75 3.35223 1
7.00 3.47725 1
7.25 3.72725 1
