#pH       total     NTR    1ASP    8LYS    9ASP   21LYS   28GLU   31LYS   38HIS   41LYS   46GLU   47LYS   49TYR   50LYS   54ASP   55CYS   61LYS   62GLU   79TYR   90LYS   91ASP   92LYS   93TYR   94LYS  102ASP  104HIS  105LYS  110TYR  127CYS  130TYR  133ASP  142ASP  145LYS  151GLU  158CYS  161LYS  164LYS  166ASP  172TYR  185TYR  189TYR  193TYR  194ASP  197LYS  202ASP  204LYS  207HIS  227TYR  230ASP  243LYS  246ASP  249TYR  254ASP  255CYS  258LYS  261LYS  262ASP  263GLU  266LYS  270LYS  289TYR  290ASP  291GLU     CTR
-5.00	 1.0000	 1.0000	 1.0000	 1.0000	 1.0000	 0.9887	 1.0000	 1.0000	 1.0000	 1.0000	 1.0000	 1.0000	 1.0000	 1.0000	 1.0000	 1.0000	 1.0000	 1.0000	 1.0000	 0.9952	 1.0000	 1.0000	 1.0000	 0.9996	 1.0000	 1.0000	 1.0000	 1.0000	 1.0000	 0.4346	 0.9899	 1.0000	 1.0000	 1.0000	 1.0000	 1.0000	 1.0000	 1.0000	 1.0000	 1.0000	 1.0000	 1.0000	 1.0000	 1.0000	 1.0000	 1.0000	 1.0000	 0.9943	 1.0000	 1.0000	 1.0000	 1.0000	 1.0000	 1.0000	 1.0000	 1.0000	 0.9998	 1.0000	 1.0000	 1.0000	 1.0000	 1.0000	 1.0000
-4.75	 1.0000	 1.0000	 1.0000	 1.0000	 1.0000	 0.9849	 1.0000	 1.0000	 1.0000	 1.0000	 1.0000	 1.0000	 1.0000	 1.0000	 1.0000	 1.0000	 1.0000	 1.0000	 1.0000	 0.9931	 1.0000	 1.0000	 1.0000	 0.9994	 1.0000	 1.0000	 1.0000	 1.0000	 1.0000	 0.3089	 0.9822	 1.0000	 1.0000	 1.0000	 1.0000	 1.0000	 1.0000	 1.0000	 1.0000	 1.0000	 1.0000	 1.0000	 1.0000	 1.0000	 1.0000	 1.0000	 1.0000	 0.9925	 1.0000	 1.0000	 1.0000	 1.0000	 1.0000	 1.0000	 1.0000	 1.0000	 0.9998	 1.0000	 1.0000	 1.0000	 1.0000	 1.0000	 1.0000
-4.50	 1.0000	 1.0000	 1.0000	 1.0000	 1.0000	 0.9803	 1.0000	 1.0000	 1.0000	 1.0000	 1.0000	 1.0000	 1.0000	 1.0000	 1.0000	 1.0000	 1.0000	 1.0000	 1.0000	 0.9864	 1.0000	 1.0000	 1.0000	 0.9983	 1.0000	 1.0000	 1.0000	 1.0000	 1.0000	 0.2071	 0.9685	 1.0000	 1.0000	 1.0000	 1.0000	 1.0000	 1.0000	 1.0000	 1.0000	 1.0000	 1.0000	 1.0000	 1.0000	 1.0000	 1.0000	 1.0000	 1.0000	 0.9892	 1.0000	 1.0000	 1.0000	 1.0000	 1.0000	 1.0000	 1.0000	 1.0000	 0.9996	 1.0000	 1.0000	 1.0000	 1.0000	 1.0000	 1.0000
-4.25	 1.0000	 1.0000	 1.0000	 1.0000	 1.0000	 0.9739	 1.0000	 1.0000	 1.0000	 1.0000	 1.0000	 1.0000	 1.0000	 1.0000	 1.0000	 1.0000	 1.0000	 1.0000	 1.0000	 0.9766	 1.0000	 1.0000	 1.0000	 0.9981	 1.0000	 1.0000	 1.0000	 1.0000	 1.0000	 0.1368	 0.9450	 1.0000	 1.0000	 1.0000	 1.0000	 1.0000	 1.0000	 1.0000	 1.0000	 1.0000	 1.0000	 1.0000	 1.0000	 1.0000	 1.0000	 1.0000	 1.0000	 0.9854	 1.0000	 1.0000	 1.0000	 1.0000	 1.0000	 1.0000	 1.0000	 1.0000	 0.9992	 1.0000	 1.0000	 1.0000	 1.0000	 1.0000	 1.0000
-4.00	 1.0000	 1.0000	 1.0000	 1.0000	 1.0000	 0.9644	 1.0000	 1.0000	 1.0000	 1.0000	 1.0000	 1.0000	 1.0000	 0.9999	 1.0000	 1.0000	 1.0000	 1.0000	 1.0000	 0.9589	 1.0000	 1.0000	 1.0000	 0.9956	 1.0000	 1.0000	 1.0000	 1.0000	 1.0000	 0.0932	 0.9123	 1.0000	 1.0000	 1.0000	 1.0000	 1.0000	 1.0000	 1.0000	 1.0000	 1.0000	 1.0000	 1.0000	 1.0000	 1.0000	 1.0000	 1.0000	 1.0000	 0.9773	 1.0000	 1.0000	 1.0000	 1.0000	 1.0000	 1.0000	 1.0000	 1.0000	 0.9989	 1.0000	 1.0000	 1.0000	 1.0000	 1.0000	 1.0000
-3.75	 1.0000	 1.0000	 1.0000	 1.0000	 1.0000	 0.9503	 1.0000	 1.0000	 1.0000	 1.0000	 1.0000	 1.0000	 1.0000	 1.0000	 1.0000	 1.0000	 1.0000	 1.0000	 1.0000	 0.9304	 1.0000	 1.0000	 1.0000	 0.9912	 1.0000	 1.0000	 1.0000	 1.0000	 1.0000	 0.0614	 0.8527	 1.0000	 1.0000	 1.0000	 1.0000	 1.0000	 1.0000	 1.0000	 1.0000	 1.0000	 1.0000	 1.0000	 1.0000	 1.0000	 1.0000	 1.0000	 1.0000	 0.9662	 1.0000	 1.0000	 1.0000	 1.0000	 1.0000	 1.0000	 1.0000	 1.0000	 0.9979	 1.0000	 1.0000	 1.0000	 1.0000	 1.0000	 1.0000
-3.50	 1.0000	 1.0000	 1.0000	 1.0000	 1.0000	 0.9263	 1.0000	 1.0000	 1.0000	 1.0000	 1.0000	 1.0000	 1.0000	 0.9998	 1.0000	 1.0000	 1.0000	 1.0000	 1.0000	 0.8828	 1.0000	 1.0000	 1.0000	 0.9850	 1.0000	 1.0000	 1.0000	 1.0000	 1.0000	 0.0441	 0.7692	 1.0000	 1.0000	 1.0000	 1.0000	 1.0000	 1.0000	 1.0000	 1.0000	 1.0000	 1.0000	 1.0000	 1.0000	 1.0000	 1.0000	 1.0000	 1.0000	 0.9490	 1.0000	 1.0000	 1.0000	 1.0000	 1.0000	 1.0000	 1.0000	 1.0000	 0.9965	 1.0000	 1.0000	 1.0000	 1.0000	 1.0000	 1.0000
-3.25	 1.0000	 1.0000	 1.0000	 1.0000	 1.0000	 0.8923	 1.0000	 1.0000	 1.0000	 1.0000	 1.0000	 1.0000	 1.0000	 0.9998	 1.0000	 1.0000	 1.0000	 1.0000	 1.0000	 0.8148	 1.0000	 1.0000	 1.0000	 0.9757	 1.0000	 1.0000	 1.0000	 1.0000	 1.0000	 0.0333	 0.6517	 1.0000	 1.0000	 1.0000	 1.0000	 1.0000	 1.0000	 1.0000	 1.0000	 1.0000	 1.0000	 1.0000	 1.0000	 1.0000	 1.0000	 1.0000	 1.0000	 0.9211	 1.0000	 1.0000	 1.0000	 1.0000	 1.0000	 1.0000	 1.0000	 1.0000	 0.9937	 1.0000	 1.0000	 1.0000	 1.0000	 1.0000	 1.0000
-3.00	 1.0000	 1.0000	 1.0000	 1.0000	 1.0000	 0.8418	 1.0000	 1.0000	 1.0000	 1.0000	 1.0000	 1.0000	 1.0000	 0.9997	 1.0000	 1.0000	 1.0000	 1.0000	 1.0000	 0.7125	 1.0000	 1.0000	 1.0000	 0.9588	 1.0000	 1.0000	 1.0000	 1.0000	 1.0000	 0.0265	 0.5223	 1.0000	 1.0000	 1.0000	 1.0000	 1.0000	 1.0000	 1.0000	 1.0000	 1.0000	 1.0000	 0.9999	 1.0000	 1.0000	 1.0000	 1.0000	 1.0000	 0.8823	 1.0000	 1.0000	 1.0000	 1.0000	 1.0000	 1.0000	 1.0000	 0.9999	 0.9886	 1.0000	 1.0000	 1.0000	 1.0000	 1.0000	 1.0000
-2.75	 1.0000	 1.0000	 1.0000	 1.0000	 1.0000	 0.7788	 1.0000	 1.0000	 1.0000	 1.0000	 1.0000	 1.0000	 1.0000	 0.9993	 1.0000	 1.0000	 1.0000	 1.0000	 1.0000	 0.5853	 1.0000	 1.0000	 1.0000	 0.9255	 1.0000	 1.0000	 1.0000	 1.0000	 1.0000	 0.0217	 0.3889	 1.0000	 0.9999	 1.0000	 1.0000	 1.0000	 0.9999	 1.0000	 1.0000	 1.0000	 1.0000	 0.9999	 1.0000	 1.0000	 1.0000	 1.0000	 1.0000	 0.8271	 1.0000	 0.9998	 1.0000	 0.9999	 1.0000	 1.0000	 1.0000	 0.9999	 0.9816	 1.0000	 1.0000	 1.0000	 1.0000	 1.0000	 1.0000
-2.50	 1.0000	 1.0000	 1.0000	 1.0000	 1.0000	 0.7097	 1.0000	 1.0000	 1.0000	 1.0000	 1.0000	 1.0000	 1.0000	 0.9991	 1.0000	 1.0000	 1.0000	 1.0000	 1.0000	 0.4473	 1.0000	 1.0000	 1.0000	 0.8741	 1.0000	 1.0000	 1.0000	 1.0000	 1.0000	 0.0159	 0.2720	 1.0000	 1.0000	 1.0000	 1.0000	 1.0000	 0.9999	 1.0000	 1.0000	 1.0000	 1.0000	 0.9999	 1.0000	 1.0000	 1.0000	 1.0000	 1.0000	 0.7646	 1.0000	 0.9998	 1.0000	 0.9999	 1.0000	 1.0000	 1.0000	 0.9999	 0.9673	 1.0000	 1.0000	 1.0000	 1.0000	 1.0000	 0.9999
-2.25	 1.0000	 1.0000	 1.0000	 1.0000	 1.0000	 0.6332	 1.0000	 0.9999	 1.0000	 0.9999	 1.0000	 1.0000	 1.0000	 0.9980	 1.0000	 1.0000	 1.0000	 1.0000	 1.0000	 0.3174	 1.0000	 1.0000	 1.0000	 0.8025	 1.0000	 1.0000	 1.0000	 1.0000	 1.0000	 0.0136	 0.1800	 1.0000	 0.9999	 1.0000	 1.0000	 1.0000	 0.9999	 1.0000	 1.0000	 1.0000	 1.0000	 0.9998	 1.0000	 0.9999	 1.0000	 1.0000	 1.0000	 0.6963	 1.0000	 0.9997	 1.0000	 0.9999	 1.0000	 1.0000	 1.0000	 0.9999	 0.9455	 1.0000	 1.0000	 1.0000	 1.0000	 1.0000	 0.9999
-2.00	 1.0000	 1.0000	 1.0000	 1.0000	 1.0000	 0.5591	 1.0000	 0.9999	 1.0000	 0.9999	 1.0000	 1.0000	 1.0000	 0.9973	 1.0000	 1.0000	 0.9999	 1.0000	 1.0000	 0.2099	 1.0000	 1.0000	 1.0000	 0.6974	 1.0000	 1.0000	 1.0000	 1.0000	 1.0000	 0.0099	 0.1118	 1.0000	 0.9999	 1.0000	 1.0000	 1.0000	 0.9998	 1.0000	 1.0000	 1.0000	 1.0000	 0.9996	 1.0000	 0.9999	 1.0000	 1.0000	 1.0000	 0.6320	 1.0000	 0.9994	 1.0000	 0.9997	 1.0000	 1.0000	 1.0000	 0.9997	 0.9116	 1.0000	 1.0000	 1.0000	 1.0000	 1.0000	 0.9999
-1.75	 1.0000	 0.9999	 1.0000	 1.0000	 1.0000	 0.4886	 1.0000	 0.9999	 1.0000	 0.9999	 1.0000	 1.0000	 1.0000	 0.9952	 1.0000	 1.0000	 0.9999	 1.0000	 1.0000	 0.1362	 1.0000	 1.0000	 1.0000	 0.5699	 1.0000	 1.0000	 1.0000	 1.0000	 1.0000	 0.0074	 0.0662	 1.0000	 0.9998	 1.0000	 1.0000	 1.0000	 0.9994	 1.0000	 1.0000	 1.0000	 1.0000	 0.9994	 1.0000	 0.9999	 1.0000	 1.0000	 1.0000	 0.5699	 1.0000	 0.9990	 1.0000	 0.9995	 1.0000	 1.0000	 1.0000	 0.9995	 0.8532	 1.0000	 1.0000	 1.0000	 1.0000	 1.0000	 0.9999
-1.50	 1.0000	 0.9999	 1.0000	 0.9999	 1.0000	 0.4238	 1.0000	 0.9999	 1.0000	 0.9997	 1.0000	 1.0000	 1.0000	 0.9911	 1.0000	 1.0000	 0.9999	 1.0000	 1.0000	 0.0829	 1.0000	 1.0000	 1.0000	 0.4279	 1.0000	 1.0000	 1.0000	 1.0000	 1.0000	 0.0061	 0.0405	 1.0000	 0.9996	 1.0000	 1.0000	 1.0000	 0.9993	 1.0000	 1.0000	 1.0000	 1.0000	 0.9989	 1.0000	 0.9998	 1.0000	 1.0000	 1.0000	 0.5086	 1.0000	 0.9987	 1.0000	 0.9991	 1.0000	 1.0000	 1.0000	 0.9993	 0.7725	 1.0000	 1.0000	 1.0000	 0.9999	 0.9999	 0.9996
-1.25	 1.0000	 0.9998	 1.0000	 0.9999	 1.0000	 0.3588	 1.0000	 0.9998	 1.0000	 0.9996	 1.0000	 1.0000	 1.0000	 0.9846	 1.0000	 1.0000	 0.9998	 1.0000	 1.0000	 0.0491	 1.0000	 1.0000	 1.0000	 0.2966	 1.0000	 1.0000	 1.0000	 1.0000	 1.0000	 0.0049	 0.0253	 1.0000	 0.9994	 1.0000	 1.0000	 1.0000	 0.9985	 1.0000	 1.0000	 1.0000	 1.0000	 0.9977	 1.0000	 0.9998	 1.0000	 1.0000	 1.0000	 0.4394	 1.0000	 0.9976	 1.0000	 0.9988	 1.0000	 1.0000	 1.0000	 0.9990	 0.6588	 1.0000	 1.0000	 1.0000	 1.0000	 0.9999	 0.9995
-1.00	 1.0000	 0.9995	 1.0000	 0.9999	 1.0000	 0.2936	 1.0000	 0.9999	 1.0000	 0.9995	 1.0000	 1.0000	 1.0000	 0.9752	 1.0000	 1.0000	 0.9996	 1.0000	 1.0000	 0.0285	 1.0000	 1.0000	 1.0000	 0.1946	 1.0000	 1.0000	 1.0000	 1.0000	 1.0000	 0.0032	 0.0142	 1.0000	 0.9991	 1.0000	 1.0000	 1.0000	 0.9979	 1.0000	 1.0000	 1.0000	 1.0000	 0.9970	 1.0000	 0.9994	 1.0000	 1.0000	 1.0000	 0.3568	 1.0000	 0.9958	 1.0000	 0.9977	 1.0000	 1.0000	 1.0000	 0.9983	 0.5244	 1.0000	 1.0000	 1.0000	 0.9999	 0.9998	 0.9993
-0.75	 1.0000	 0.9994	 1.0000	 0.9999	 1.0000	 0.2188	 1.0000	 0.9995	 1.0000	 0.9992	 1.0000	 1.0000	 1.0000	 0.9602	 1.0000	 1.0000	 0.9993	 1.0000	 1.0000	 0.0182	 1.0000	 1.0000	 1.0000	 0.1205	 1.0000	 1.0000	 1.0000	 1.0000	 1.0000	 0.0022	 0.0082	 1.0000	 0.9982	 1.0000	 1.0000	 1.0000	 0.9964	 1.0000	 1.0000	 1.0000	 1.0000	 0.9941	 1.0000	 0.9991	 1.0000	 1.0000	 1.0000	 0.2801	 1.0000	 0.9931	 1.0000	 0.9963	 1.0000	 1.0000	 1.0000	 0.9976	 0.3869	 1.0000	 1.0000	 1.0000	 0.9998	 0.9998	 0.9985
-0.50	 1.0000	 0.9988	 1.0000	 0.9997	 1.0000	 0.1626	 1.0000	 0.9995	 1.0000	 0.9983	 1.0000	 1.0000	 1.0000	 0.9324	 1.0000	 1.0000	 0.9988	 1.0000	 1.0000	 0.0093	 1.0000	 1.0000	 1.0000	 0.0704	 1.0000	 1.0000	 1.0000	 1.0000	 1.0000	 0.0019	 0.0054	 1.0000	 0.9972	 1.0000	 1.0000	 1.0000	 0.9937	 1.0000	 1.0000	 1.0000	 1.0000	 0.9901	 1.0000	 0.9983	 1.0000	 1.0000	 1.0000	 0.1971	 1.0000	 0.9882	 1.0000	 0.9945	 1.0000	 1.0000	 1.0000	 0.9960	 0.2694	 1.0000	 1.0000	 1.0000	 0.9997	 0.9995	 0.9973
-0.25	 1.0000	 0.9977	 1.0000	 0.9995	 1.0000	 0.1102	 1.0000	 0.9994	 1.0000	 0.9977	 1.0000	 1.0000	 1.0000	 0.8894	 1.0000	 1.0000	 0.9981	 1.0000	 1.0000	 0.0054	 1.0000	 1.0000	 1.0000	 0.0404	 1.0000	 1.0000	 1.0000	 1.0000	 1.0000	 0.0010	 0.0030	 1.0000	 0.9951	 1.0000	 1.0000	 1.0000	 0.9894	 1.0000	 1.0000	 1.0000	 1.0000	 0.9846	 1.0000	 0.9971	 1.0000	 1.0000	 1.0000	 0.1320	 1.0000	 0.9803	 1.0000	 0.9902	 1.0000	 1.0000	 1.0000	 0.9938	 0.1753	 1.0000	 1.0000	 1.0000	 0.9995	 0.9990	 0.9953
 0.00	 1.0000	 0.9957	 1.0000	 0.9992	 1.0000	 0.0677	 1.0000	 0.9993	 1.0000	 0.9959	 1.0000	 1.0000	 1.0000	 0.8217	 1.0000	 1.0000	 0.9966	 1.0000	 1.0000	 0.0031	 1.0000	 1.0000	 1.0000	 0.0244	 1.0000	 1.0000	 1.0000	 1.0000	 1.0000	 0.0008	 0.0016	 1.0000	 0.9919	 1.0000	 1.0000	 1.0000	 0.9816	 1.0000	 1.0000	 1.0000	 1.0000	 0.9721	 1.0000	 0.9947	 1.0000	 1.0000	 1.0000	 0.0862	 1.0000	 0.9656	 1.0000	 0.9840	 1.0000	 1.0000	 1.0000	 0.9904	 0.1079	 1.0000	 1.0000	 1.0000	 0.9992	 0.9984	 0.9927
 0.25	 1.0000	 0.9927	 1.0000	 0.9986	 1.0000	 0.0411	 1.0000	 0.9993	 1.0000	 0.9931	 1.0000	 1.0000	 1.0000	 0.7257	 1.0000	 1.0000	 0.9946	 1.0000	 1.0000	 0.0018	 1.0000	 1.0000	 1.0000	 0.0127	 1.0000	 1.0000	 1.0000	 1.0000	 1.0000	 0.0006	 0.0011	 1.0000	 0.9852	 1.0000	 1.0000	 1.0000	 0.9683	 1.0000	 1.0000	 1.0000	 1.0000	 0.9536	 1.0000	 0.9909	 1.0000	 1.0000	 1.0000	 0.0553	 1.0000	 0.9437	 1.0000	 0.9722	 1.0000	 1.0000	 1.0000	 0.9835	 0.0668	 1.0000	 1.0000	 1.0000	 0.9984	 0.9971	 0.9868
 0.50	 1.0000	 0.9871	 1.0000	 0.9977	 1.0000	 0.0253	 1.0000	 0.9989	 1.0000	 0.9886	 1.0000	 1.0000	 1.0000	 0.5995	 1.0000	 1.0000	 0.9907	 1.0000	 1.0000	 0.0011	 1.0000	 1.0000	 1.0000	 0.0082	 0.9998	 1.0000	 1.0000	 1.0000	 1.0000	 0.0003	 0.0005	 1.0000	 0.9765	 1.0000	 1.0000	 1.0000	 0.9479	 1.0000	 1.0000	 1.0000	 1.0000	 0.9172	 1.0000	 0.9841	 1.0000	 1.0000	 1.0000	 0.0342	 1.0000	 0.9107	 1.0000	 0.9542	 1.0000	 1.0000	 1.0000	 0.9736	 0.0420	 1.0000	 1.0000	 1.0000	 0.9972	 0.9954	 0.9762
 0.75	 1.0000	 0.9771	 1.0000	 0.9959	 1.0000	 0.0140	 1.0000	 0.9991	 1.0000	 0.9811	 1.0000	 1.0000	 1.0000	 0.4651	 1.0000	 1.0000	 0.9847	 1.0000	 1.0000	 0.0006	 1.0000	 1.0000	 1.0000	 0.0044	 0.9998	 1.0000	 1.0000	 1.0000	 1.0000	 0.0002	 0.0003	 1.0000	 0.9622	 1.0000	 1.0000	 1.0000	 0.9166	 1.0000	 1.0000	 1.0000	 1.0000	 0.8667	 1.0000	 0.9722	 1.0000	 1.0000	 1.0000	 0.0184	 1.0000	 0.8534	 1.0000	 0.9290	 1.0000	 1.0000	 1.0000	 0.9567	 0.0262	 1.0000	 1.0000	 1.0000	 0.9944	 0.9919	 0.9583
 1.00	 1.0000	 0.9605	 1.0000	 0.9925	 1.0000	 0.0089	 1.0000	 0.9989	 1.0000	 0.9684	 1.0000	 1.0000	 1.0000	 0.3338	 1.0000	 1.0000	 0.9766	 1.0000	 1.0000	 0.0005	 1.0000	 1.0000	 1.0000	 0.0037	 0.9997	 1.0000	 1.0000	 1.0000	 1.0000	 0.0000	 0.0003	 1.0000	 0.9390	 1.0000	 1.0000	 1.0000	 0.8744	 1.0000	 1.0000	 1.0000	 1.0000	 0.7861	 1.0000	 0.9536	 1.0000	 1.0000	 1.0000	 0.0101	 1.0000	 0.7834	 1.0000	 0.8918	 1.0000	 1.0000	 1.0000	 0.9334	 0.0180	 1.0000	 1.0000	 1.0000	 0.9904	 0.9858	 0.9317
 1.25	 1.0000	 0.9320	 1.0000	 0.9879	 1.0000	 0.0051	 1.0000	 0.9990	 1.0000	 0.9480	 1.0000	 1.0000	 1.0000	 0.2251	 1.0000	 1.0000	 0.9627	 1.0000	 1.0000	 0.0001	 1.0000	 1.0000	 1.0000	 0.0010	 0.9996	 1.0000	 1.0000	 1.0000	 1.0000	 0.0001	 0.0003	 1.0000	 0.9065	 1.0000	 1.0000	 1.0000	 0.8176	 1.0000	 1.0000	 1.0000	 1.0000	 0.6776	 1.0000	 0.9228	 1.0000	 1.0000	 1.0000	 0.0070	 1.0000	 0.6959	 1.0000	 0.8352	 1.0000	 1.0000	 1.0000	 0.8961	 0.0119	 1.0000	 1.0000	 1.0000	 0.9851	 0.9767	 0.8861
 1.50	 1.0000	 0.8863	 1.0000	 0.9805	 1.0000	 0.0036	 1.0000	 0.9986	 1.0000	 0.9140	 1.0000	 1.0000	 1.0000	 0.1428	 1.0000	 1.0000	 0.9427	 1.0000	 1.0000	 0.0001	 1.0000	 1.0000	 1.0000	 0.0008	 0.9995	 1.0000	 1.0000	 1.0000	 1.0000	 0.0001	 0.0002	 1.0000	 0.8658	 1.0000	 1.0000	 1.0000	 0.7526	 1.0000	 1.0000	 1.0000	 1.0000	 0.5482	 1.0000	 0.8778	 1.0000	 1.0000	 1.0000	 0.0036	 1.0000	 0.6026	 1.0000	 0.7757	 1.0000	 1.0000	 1.0000	 0.8390	 0.0091	 1.0000	 1.0000	 1.0000	 0.9746	 0.9610	 0.8180
 1.75	 1.0000	 0.8163	 1.0000	 0.9697	 1.0000	 0.0016	 1.0000	 0.9981	 1.0000	 0.8679	 1.0000	 1.0000	 1.0000	 0.0899	 1.0000	 1.0000	 0.9061	 1.0000	 1.0000	 0.0000	 1.0000	 1.0000	 1.0000	 0.0006	 0.9989	 1.0000	 1.0000	 1.0000	 1.0000	 0.0000	 0.0001	 1.0000	 0.8159	 1.0000	 1.0000	 1.0000	 0.6807	 1.0000	 1.0000	 1.0000	 1.0000	 0.4143	 1.0000	 0.8084	 1.0000	 1.0000	 1.0000	 0.0024	 1.0000	 0.5061	 1.0000	 0.7041	 1.0000	 1.0000	 1.0000	 0.7773	 0.0061	 1.0000	 1.0000	 1.0000	 0.9584	 0.9400	 0.7281
 2.00	 0.9999	 0.7207	 1.0000	 0.9560	 1.0000	 0.0013	 1.0000	 0.9980	 1.0000	 0.7968	 1.0000	 1.0000	 1.0000	 0.0584	 1.0000	 1.0000	 0.8577	 1.0000	 1.0000	 0.0000	 1.0000	 1.0000	 1.0000	 0.0006	 0.9987	 1.0000	 1.0000	 1.0000	 1.0000	 0.0000	 0.0001	 1.0000	 0.7484	 1.0000	 1.0000	 1.0000	 0.6058	 1.0000	 1.0000	 1.0000	 1.0000	 0.2942	 1.0000	 0.7250	 1.0000	 0.9999	 1.0000	 0.0014	 1.0000	 0.4204	 1.0000	 0.6194	 1.0000	 1.0000	 1.0000	 0.7069	 0.0043	 1.0000	 1.0000	 1.0000	 0.9343	 0.9118	 0.6209
 2.25	 0.9999	 0.5953	 1.0000	 0.9386	 1.0000	 0.0007	 1.0000	 0.9971	 1.0000	 0.7007	 1.0000	 1.0000	 1.0000	 0.0364	 1.0000	 1.0000	 0.7804	 1.0000	 1.0000	 0.0000	 1.0000	 1.0000	 1.0000	 0.0002	 0.9987	 1.0000	 1.0000	 1.0000	 1.0000	 0.0000	 0.0001	 1.0000	 0.6735	 1.0000	 1.0000	 1.0000	 0.5319	 1.0000	 1.0000	 1.0000	 1.0000	 0.2031	 1.0000	 0.6023	 1.0000	 0.9999	 1.0000	 0.0008	 1.0000	 0.3340	 1.0000	 0.5467	 1.0000	 1.0000	 1.0000	 0.6156	 0.0032	 1.0000	 1.0000	 1.0000	 0.9013	 0.8691	 0.5137
 2.50	 0.9998	 0.4571	 1.0000	 0.9159	 1.0000	 0.0002	 1.0000	 0.9956	 1.0000	 0.5834	 1.0000	 1.0000	 1.0000	 0.0253	 1.0000	 1.0000	 0.6758	 1.0000	 1.0000	 0.0000	 1.0000	 1.0000	 1.0000	 0.0001	 0.9974	 1.0000	 1.0000	 1.0000	 1.0000	 0.0000	 0.0000	 1.0000	 0.5934	 1.0000	 1.0000	 1.0000	 0.4548	 1.0000	 1.0000	 1.0000	 1.0000	 0.1297	 1.0000	 0.4701	 1.0000	 0.9998	 1.0000	 0.0006	 1.0000	 0.2674	 1.0000	 0.4760	 1.0000	 1.0000	 1.0000	 0.5259	 0.0029	 1.0000	 1.0000	 1.0000	 0.8541	 0.8190	 0.4058
 2.75	 0.9999	 0.3325	 1.0000	 0.8859	 1.0000	 0.0001	 1.0000	 0.9949	 1.0000	 0.4634	 1.0000	 1.0000	 1.0000	 0.0165	 1.0000	 1.0000	 0.5531	 1.0000	 1.0000	 0.0000	 1.0000	 1.0000	 1.0000	 0.0001	 0.9962	 1.0000	 1.0000	 1.0000	 1.0000	 0.0000	 0.0001	 1.0000	 0.5065	 1.0000	 1.0000	 1.0000	 0.3791	 1.0000	 1.0000	 1.0000	 1.0000	 0.0868	 1.0000	 0.3460	 1.0000	 0.9997	 1.0000	 0.0003	 1.0000	 0.2073	 1.0000	 0.3976	 1.0000	 1.0000	 1.0000	 0.4354	 0.0020	 1.0000	 1.0000	 1.0000	 0.7917	 0.7533	 0.3242
 3.00	 0.9999	 0.2173	 1.0000	 0.8506	 1.0000	 0.0001	 1.0000	 0.9925	 1.0000	 0.3427	 1.0000	 1.0000	 1.0000	 0.0108	 1.0000	 1.0000	 0.4212	 1.0000	 1.0000	 0.0000	 1.0000	 1.0000	 1.0000	 0.0001	 0.9948	 1.0000	 1.0000	 1.0000	 1.0000	 0.0000	 0.0001	 1.0000	 0.4159	 1.0000	 1.0000	 1.0000	 0.3091	 1.0000	 1.0000	 1.0000	 1.0000	 0.0522	 1.0000	 0.2390	 1.0000	 0.9993	 1.0000	 0.0002	 1.0000	 0.1550	 1.0000	 0.3209	 1.0000	 1.0000	 1.0000	 0.3477	 0.0016	 1.0000	 1.0000	 1.0000	 0.7149	 0.6805	 0.2479
 3.25	 0.9998	 0.1390	 1.0000	 0.7946	 0.9999	 0.0003	 0.9999	 0.9896	 1.0000	 0.2376	 1.0000	 1.0000	 1.0000	 0.0066	 1.0000	 1.0000	 0.2988	 1.0000	 1.0000	 0.0000	 1.0000	 1.0000	 1.0000	 0.0000	 0.9921	 1.0000	 1.0000	 1.0000	 1.0000	 0.0000	 0.0000	 1.0000	 0.3206	 1.0000	 1.0000	 1.0000	 0.2456	 1.0000	 1.0000	 1.0000	 1.0000	 0.0328	 1.0000	 0.1559	 1.0000	 0.9990	 1.0000	 0.0002	 1.0000	 0.1103	 1.0000	 0.2492	 1.0000	 1.0000	 1.0000	 0.2560	 0.0019	 1.0000	 1.0000	 1.0000	 0.6272	 0.5994	 0.1977
 3.50	 0.9998	 0.0857	 1.0000	 0.7233	 1.0000	 0.0000	 1.0000	 0.9851	 1.0000	 0.1568	 1.0000	 1.0000	 1.0000	 0.0039	 1.0000	 1.0000	 0.2000	 1.0000	 1.0000	 0.0000	 1.0000	 1.0000	 1.0000	 0.0000	 0.9874	 1.0000	 1.0000	 1.0000	 1.0000	 0.0000	 0.0000	 1.0000	 0.2342	 1.0000	 1.0000	 1.0000	 0.1759	 1.0000	 1.0000	 1.0000	 1.0000	 0.0203	 1.0000	 0.0984	 1.0000	 0.9984	 1.0000	 0.0001	 1.0000	 0.0794	 1.0000	 0.1844	 1.0000	 1.0000	 1.0000	 0.1839	 0.0011	 1.0000	 1.0000	 1.0000	 0.5297	 0.5086	 0.1608
 3.75	 1.0000	 0.0510	 1.0000	 0.6405	 0.9999	 0.0001	 1.0000	 0.9796	 1.0000	 0.1003	 1.0000	 1.0000	 1.0000	 0.0024	 1.0000	 1.0000	 0.1248	 1.0000	 1.0000	 0.0000	 1.0000	 1.0000	 1.0000	 0.0001	 0.9773	 1.0000	 1.0000	 1.0000	 1.0000	 0.0000	 0.0000	 1.0000	 0.1576	 1.0000	 1.0000	 1.0000	 0.1252	 1.0000	 1.0000	 1.0000	 1.0000	 0.0121	 1.0000	 0.0595	 1.0000	 0.9979	 1.0000	 0.0000	 1.0000	 0.0527	 1.0000	 0.1239	 1.0000	 1.0000	 1.0000	 0.1190	 0.0010	 1.0000	 1.0000	 1.0000	 0.4303	 0.4229	 0.1269
 4.00	 0.9999	 0.0316	 1.0000	 0.5330	 0.9998	 0.0000	 1.0000	 0.9671	 1.0000	 0.0586	 1.0000	 1.0000	 1.0000	 0.0013	 1.0000	 1.0000	 0.0768	 1.0000	 1.0000	 0.0000	 1.0000	 1.0000	 1.0000	 0.0000	 0.9620	 1.0000	 1.0000	 1.0000	 1.0000	 0.0000	 0.0000	 1.0000	 0.1062	 1.0000	 1.0000	 1.0000	 0.0803	 1.0000	 1.0000	 1.0000	 1.0000	 0.0072	 1.0000	 0.0340	 1.0000	 0.9958	 1.0000	 0.0000	 1.0000	 0.0348	 1.0000	 0.0816	 1.0000	 1.0000	 1.0000	 0.0774	 0.0009	 1.0000	 1.0000	 1.0000	 0.3367	 0.3377	 0.1008
 4.25	 0.9997	 0.0172	 1.0000	 0.4205	 0.9997	 0.0000	 1.0000	 0.9475	 1.0000	 0.0373	 1.0000	 1.0000	 1.0000	 0.0011	 1.0000	 1.0000	 0.0451	 1.0000	 1.0000	 0.0000	 1.0000	 1.0000	 1.0000	 0.0000	 0.9353	 1.0000	 1.0000	 1.0000	 1.0000	 0.0000	 0.0000	 1.0000	 0.0662	 1.0000	 1.0000	 1.0000	 0.0525	 1.0000	 1.0000	 0.9999	 1.0000	 0.0050	 1.0000	 0.0227	 1.0000	 0.9921	 1.0000	 0.0000	 1.0000	 0.0194	 1.0000	 0.0499	 1.0000	 1.0000	 1.0000	 0.0476	 0.0010	 1.0000	 1.0000	 1.0000	 0.2498	 0.2515	 0.0788
 4.50	 0.9998	 0.0108	 1.0000	 0.3066	 0.9994	 0.0000	 0.9998	 0.9169	 1.0000	 0.0222	 1.0000	 1.0000	 1.0000	 0.0005	 1.0000	 1.0000	 0.0260	 1.0000	 1.0000	 0.0000	 1.0000	 1.0000	 1.0000	 0.0000	 0.8905	 1.0000	 1.0000	 1.0000	 1.0000	 0.0000	 0.0000	 1.0000	 0.0381	 1.0000	 1.0000	 1.0000	 0.0286	 1.0000	 1.0000	 0.9999	 1.0000	 0.0035	 1.0000	 0.0117	 1.0000	 0.9870	 1.0000	 0.0000	 1.0000	 0.0117	 1.0000	 0.0282	 1.0000	 1.0000	 1.0000	 0.0297	 0.0008	 1.0000	 1.0000	 1.0000	 0.1756	 0.1834	 0.0566
 4.75	 0.9997	 0.0054	 1.0000	 0.2120	 0.9996	 0.0000	 0.9998	 0.8610	 1.0000	 0.0139	 1.0000	 1.0000	 1.0000	 0.0004	 1.0000	 1.0000	 0.0138	 1.0000	 1.0000	 0.0000	 1.0000	 1.0000	 1.0000	 0.0000	 0.8261	 1.0000	 1.0000	 1.0000	 1.0000	 0.0000	 0.0000	 1.0000	 0.0229	 1.0000	 1.0000	 1.0000	 0.0176	 1.0000	 1.0000	 0.9999	 0.9999	 0.0018	 1.0000	 0.0075	 1.0000	 0.9771	 1.0000	 0.0000	 1.0000	 0.0079	 1.0000	 0.0192	 1.0000	 1.0000	 1.0000	 0.0177	 0.0008	 1.0000	 0.9999	 1.0000	 0.1150	 0.1250	 0.0366
 5.00	 0.9997	 0.0030	 1.0000	 0.1334	 0.9990	 0.0000	 0.9996	 0.7825	 1.0000	 0.0091	 1.0000	 1.0000	 1.0000	 0.0001	 1.0000	 1.0000	 0.0088	 1.0000	 1.0000	 0.0000	 1.0000	 1.0000	 1.0000	 0.0000	 0.7298	 1.0000	 1.0000	 1.0000	 1.0000	 0.0000	 0.0000	 1.0000	 0.0131	 1.0000	 1.0000	 1.0000	 0.0099	 1.0000	 1.0000	 0.9999	 0.9999	 0.0010	 1.0000	 0.0036	 1.0000	 0.9623	 1.0000	 0.0000	 1.0000	 0.0041	 1.0000	 0.0104	 1.0000	 1.0000	 1.0000	 0.0118	 0.0006	 1.0000	 1.0000	 1.0000	 0.0714	 0.0783	 0.0240
 5.25	 0.9995	 0.0022	 1.0000	 0.0840	 0.9983	 0.0000	 0.9995	 0.6709	 1.0000	 0.0061	 1.0000	 1.0000	 1.0000	 0.0000	 1.0000	 1.0000	 0.0047	 1.0000	 1.0000	 0.0000	 1.0000	 1.0000	 1.0000	 0.0000	 0.6051	 1.0000	 0.9999	 1.0000	 1.0000	 0.0000	 0.0000	 0.9999	 0.0074	 1.0000	 1.0000	 1.0000	 0.0051	 1.0000	 1.0000	 0.9996	 0.9999	 0.0012	 1.0000	 0.0022	 1.0000	 0.9349	 1.0000	 0.0000	 1.0000	 0.0021	 1.0000	 0.0054	 1.0000	 1.0000	 1.0000	 0.0063	 0.0006	 1.0000	 0.9999	 1.0000	 0.0430	 0.0471	 0.0163
 5.50	 0.9990	 0.0013	 1.0000	 0.0505	 0.9967	 0.0000	 0.9992	 0.5360	 1.0000	 0.0036	 1.0000	 1.0000	 0.9999	 0.0000	 1.0000	 1.0000	 0.0029	 1.0000	 1.0000	 0.0000	 1.0000	 1.0000	 1.0000	 0.0000	 0.4659	 1.0000	 0.9999	 1.0000	 1.0000	 0.0000	 0.0000	 1.0000	 0.0043	 1.0000	 1.0000	 1.0000	 0.0038	 1.0000	 1.0000	 0.9995	 0.9997	 0.0002	 1.0000	 0.0014	 1.0000	 0.8884	 1.0000	 0.0000	 1.0000	 0.0012	 1.0000	 0.0035	 1.0000	 1.0000	 1.0000	 0.0043	 0.0004	 1.0000	 0.9998	 1.0000	 0.0262	 0.0257	 0.0096
 5.75	 0.9986	 0.0007	 1.0000	 0.0298	 0.9939	 0.0000	 0.9982	 0.3948	 1.0000	 0.0018	 0.9999	 1.0000	 0.9999	 0.0000	 1.0000	 1.0000	 0.0020	 1.0000	 1.0000	 0.0000	 1.0000	 1.0000	 0.9999	 0.0000	 0.3305	 0.9999	 1.0000	 1.0000	 1.0000	 0.0000	 0.0000	 1.0000	 0.0034	 1.0000	 1.0000	 1.0000	 0.0022	 1.0000	 1.0000	 0.9993	 0.9997	 0.0005	 0.9999	 0.0008	 1.0000	 0.8182	 1.0000	 0.0000	 1.0000	 0.0007	 1.0000	 0.0025	 1.0000	 1.0000	 1.0000	 0.0027	 0.0004	 1.0000	 0.9997	 1.0000	 0.0153	 0.0168	 0.0061
 6.00	 0.9973	 0.0006	 1.0000	 0.0172	 0.9918	 0.0000	 0.9974	 0.2690	 1.0000	 0.0013	 0.9999	 1.0000	 0.9996	 0.0000	 1.0000	 1.0000	 0.0010	 1.0000	 1.0000	 0.0000	 1.0000	 1.0000	 0.9999	 0.0000	 0.2177	 0.9999	 0.9999	 1.0000	 1.0000	 0.0000	 0.0000	 0.9996	 0.0016	 1.0000	 0.9999	 1.0000	 0.0009	 1.0000	 1.0000	 0.9982	 0.9994	 0.0003	 0.9999	 0.0005	 0.9997	 0.7205	 1.0000	 0.0000	 1.0000	 0.0005	 1.0000	 0.0016	 1.0000	 1.0000	 1.0000	 0.0015	 0.0002	 1.0000	 0.9996	 1.0000	 0.0088	 0.0093	 0.0030
 6.25	 0.9955	 0.0004	 1.0000	 0.0101	 0.9849	 0.0000	 0.9948	 0.1723	 1.0000	 0.0005	 0.9998	 1.0000	 0.9996	 0.0000	 1.0000	 1.0000	 0.0004	 1.0000	 1.0000	 0.0000	 1.0000	 1.0000	 0.9997	 0.0000	 0.1367	 0.9999	 0.9998	 1.0000	 1.0000	 0.0000	 0.0000	 0.9997	 0.0007	 1.0000	 1.0000	 1.0000	 0.0008	 1.0000	 0.9999	 0.9973	 0.9988	 0.0001	 0.9997	 0.0003	 0.9998	 0.5886	 1.0000	 0.0000	 1.0000	 0.0003	 1.0000	 0.0010	 1.0000	 1.0000	 1.0000	 0.0009	 0.0002	 1.0000	 0.9993	 1.0000	 0.0046	 0.0058	 0.0017
 6.50	 0.9915	 0.0003	 0.9999	 0.0057	 0.9737	 0.0000	 0.9920	 0.1042	 1.0000	 0.0006	 0.9999	 1.0000	 0.9994	 0.0000	 1.0000	 1.0000	 0.0003	 1.0000	 0.9999	 0.0000	 1.0000	 1.0000	 0.9996	 0.0000	 0.0826	 0.9998	 0.9995	 1.0000	 1.0000	 0.0000	 0.0000	 0.9996	 0.0006	 1.0000	 0.9999	 0.9999	 0.0004	 1.0000	 0.9999	 0.9955	 0.9980	 0.0001	 0.9996	 0.0002	 0.9998	 0.4476	 1.0000	 0.0000	 1.0000	 0.0003	 1.0000	 0.0003	 1.0000	 1.0000	 1.0000	 0.0005	 0.0001	 1.0000	 0.9987	 1.0000	 0.0027	 0.0039	 0.0014
 6.75	 0.9858	 0.0002	 0.9999	 0.0035	 0.9552	 0.0000	 0.9841	 0.0625	 0.9999	 0.0002	 0.9996	 0.9999	 0.9987	 0.0000	 1.0000	 1.0000	 0.0001	 1.0000	 0.9999	 0.0000	 1.0000	 0.9999	 0.9991	 0.0000	 0.0481	 0.9999	 0.9994	 1.0000	 1.0000	 0.0000	 0.0000	 0.9993	 0.0002	 1.0000	 0.9997	 0.9999	 0.0003	 1.0000	 0.9997	 0.9915	 0.9967	 0.0000	 0.9991	 0.0002	 0.9997	 0.3128	 1.0000	 0.0000	 0.9998	 0.0003	 1.0000	 0.0002	 1.0000	 1.0000	 1.0000	 0.0002	 0.0001	 1.0000	 0.9981	 0.9999	 0.0012	 0.0025	 0.0006
 7.00	 0.9766	 0.0001	 1.0000	 0.0019	 0.9244	 0.0000	 0.9736	 0.0367	 0.9998	 0.0003	 0.9994	 0.9998	 0.9976	 0.0000	 1.0000	 1.0000	 0.0000	 1.0000	 0.9999	 0.0000	 1.0000	 0.9998	 0.9985	 0.0000	 0.0282	 0.9997	 0.9990	 1.0000	 1.0000	 0.0000	 0.0000	 0.9985	 0.0003	 1.0000	 0.9996	 0.9996	 0.0001	 1.0000	 0.9996	 0.9858	 0.9940	 0.0000	 0.9989	 0.0001	 0.9996	 0.2042	 1.0000	 0.0000	 0.9998	 0.0001	 1.0000	 0.0001	 1.0000	 0.9999	 1.0000	 0.0002	 0.0000	 1.0000	 0.9967	 0.9998	 0.0009	 0.0010	 0.0005
 7.25	 0.9558	 0.0001	 0.9999	 0.0010	 0.8734	 0.0000	 0.9569	 0.0209	 0.9997	 0.0002	 0.9990	 0.9996	 0.9959	 0.0000	 1.0000	 0.9999	 0.0000	 0.9999	 0.9997	 0.0000	 1.0000	 0.9996	 0.9971	 0.0000	 0.0156	 0.9994	 0.9979	 1.0000	 1.0000	 0.0000	 0.0000	 0.9972	 0.0001	 1.0000	 0.9996	 0.9994	 0.0002	 1.0000	 0.9993	 0.9770	 0.9899	 0.0000	 0.9982	 0.0001	 0.9990	 0.1255	 1.0000	 0.0000	 0.9996	 0.0000	 1.0000	 0.0000	 1.0000	 0.9999	 1.0000	 0.0001	 0.0000	 0.9999	 0.9950	 0.9997	 0.0008	 0.0008	 0.0004
 7.50	 0.9255	 0.0001	 0.9999	 0.0008	 0.7952	 0.0000	 0.9334	 0.0122	 0.9995	 0.0000	 0.9980	 0.9995	 0.9932	 0.0000	 1.0000	 1.0000	 0.0000	 1.0000	 0.9993	 0.0000	 1.0000	 0.9991	 0.9958	 0.0000	 0.0089	 0.9990	 0.9966	 1.0000	 1.0000	 0.0000	 0.0000	 0.9952	 0.0000	 1.0000	 0.9990	 0.9988	 0.0001	 1.0000	 0.9989	 0.9622	 0.9824	 0.0000	 0.9973	 0.0001	 0.9985	 0.0749	 1.0000	 0.0000	 0.9996	 0.0000	 1.0000	 0.0001	 1.0000	 0.9999	 0.9999	 0.0001	 0.0000	 0.9999	 0.9910	 0.9997	 0.0003	 0.0004	 0.0002
 7.75	 0.8794	 0.0002	 0.9996	 0.0004	 0.7113	 0.0000	 0.8978	 0.0071	 0.9989	 0.0000	 0.9963	 0.9990	 0.9876	 0.0000	 1.0000	 0.9999	 0.0001	 0.9999	 0.9987	 0.0000	 0.9999	 0.9987	 0.9927	 0.0000	 0.0052	 0.9979	 0.9941	 1.0000	 1.0000	 0.0000	 0.0000	 0.9923	 0.0000	 1.0000	 0.9976	 0.9977	 0.0000	 1.0000	 0.9986	 0.9384	 0.9719	 0.0000	 0.9960	 0.0000	 0.9972	 0.0440	 1.0000	 0.0000	 0.9989	 0.0000	 1.0000	 0.0000	 1.0000	 0.9996	 0.9997	 0.0000	 0.0000	 0.9997	 0.9854	 0.9992	 0.0003	 0.0003	 0.0001
 8.00	 0.8082	 0.0001	 0.9996	 0.0002	 0.5978	 0.0000	 0.8534	 0.0040	 0.9989	 0.0000	 0.9949	 0.9984	 0.9793	 0.0000	 1.0000	 0.9997	 0.0000	 0.9999	 0.9973	 0.0000	 1.0000	 0.9981	 0.9880	 0.0000	 0.0032	 0.9959	 0.9904	 1.0000	 1.0000	 0.0000	 0.0000	 0.9865	 0.0000	 1.0000	 0.9967	 0.9966	 0.0000	 1.0000	 0.9977	 0.9063	 0.9556	 0.0000	 0.9923	 0.0000	 0.9962	 0.0245	 1.0000	 0.0000	 0.9984	 0.0000	 1.0000	 0.0001	 1.0000	 0.9996	 0.9998	 0.0000	 0.0000	 0.9997	 0.9740	 0.9986	 0.0000	 0.0002	 0.0000
 8.25	 0.7041	 0.0001	 0.9992	 0.0001	 0.4923	 0.0000	 0.8025	 0.0024	 0.9974	 0.0000	 0.9904	 0.9973	 0.9665	 0.0000	 1.0000	 0.9995	 0.0000	 0.9998	 0.9963	 0.0000	 0.9999	 0.9968	 0.9807	 0.0000	 0.0018	 0.9923	 0.9843	 1.0000	 1.0000	 0.0000	 0.0000	 0.9749	 0.0000	 1.0000	 0.9935	 0.9932	 0.0000	 1.0000	 0.9965	 0.8615	 0.9315	 0.0000	 0.9889	 0.0000	 0.9927	 0.0146	 1.0000	 0.0000	 0.9974	 0.0000	 1.0000	 0.0000	 1.0000	 0.9992	 0.9994	 0.0000	 0.0000	 0.9992	 0.9585	 0.9982	 0.0001	 0.0001	 0.0000
 8.50	 0.5720	 0.0001	 0.9986	 0.0001	 0.3985	 0.0000	 0.7406	 0.0016	 0.9958	 0.0000	 0.9821	 0.9948	 0.9434	 0.0000	 1.0000	 0.9993	 0.0000	 0.9997	 0.9934	 0.0000	 0.9998	 0.9953	 0.9679	 0.0000	 0.0010	 0.9873	 0.9759	 1.0000	 1.0000	 0.0000	 0.0000	 0.9588	 0.0000	 1.0000	 0.9903	 0.9877	 0.0000	 1.0000	 0.9955	 0.8051	 0.8994	 0.0000	 0.9820	 0.0000	 0.9882	 0.0077	 1.0000	 0.0000	 0.9949	 0.0000	 1.0000	 0.0000	 1.0000	 0.9987	 0.9989	 0.0000	 0.0000	 0.9993	 0.9339	 0.9979	 0.0000	 0.0002	 0.0000
 8.75	 0.4335	 0.0000	 0.9981	 0.0001	 0.3145	 0.0000	 0.6720	 0.0009	 0.9937	 0.0000	 0.9712	 0.9919	 0.9045	 0.0000	 1.0000	 0.9991	 0.0000	 0.9996	 0.9902	 0.0000	 0.9998	 0.9928	 0.9510	 0.0000	 0.0006	 0.9755	 0.9623	 1.0000	 1.0000	 0.0000	 0.0000	 0.9283	 0.0000	 1.0000	 0.9812	 0.9793	 0.0000	 1.0000	 0.9944	 0.7379	 0.8560	 0.0000	 0.9733	 0.0000	 0.9814	 0.0052	 1.0000	 0.0000	 0.9902	 0.0000	 1.0000	 0.0000	 1.0000	 0.9980	 0.9987	 0.0000	 0.0000	 0.9981	 0.8931	 0.9971	 0.0000	 0.0000	 0.0000
 9.00	 0.3049	 0.0001	 0.9978	 0.0000	 0.2480	 0.0000	 0.5991	 0.0006	 0.9873	 0.0000	 0.9530	 0.9874	 0.8515	 0.0000	 1.0000	 0.9981	 0.0000	 0.9995	 0.9833	 0.0000	 0.9995	 0.9893	 0.9265	 0.0000	 0.0004	 0.9609	 0.9420	 1.0000	 1.0000	 0.0000	 0.0000	 0.8829	 0.0000	 1.0000	 0.9692	 0.9663	 0.0000	 1.0000	 0.9930	 0.6645	 0.8074	 0.0000	 0.9619	 0.0000	 0.9692	 0.0029	 1.0000	 0.0000	 0.9854	 0.0000	 1.0000	 0.0000	 1.0000	 0.9955	 0.9972	 0.0000	 0.0000	 0.9976	 0.8413	 0.9962	 0.0001	 0.0000	 0.0000
 9.25	 0.2006	 0.0000	 0.9964	 0.0001	 0.1920	 0.0000	 0.5178	 0.0005	 0.9821	 0.0000	 0.9169	 0.9812	 0.7779	 0.0000	 1.0000	 0.9967	 0.0000	 0.9994	 0.9688	 0.0000	 0.9991	 0.9845	 0.8879	 0.0000	 0.0003	 0.9324	 0.9164	 1.0000	 1.0000	 0.0000	 0.0000	 0.8141	 0.0000	 1.0000	 0.9524	 0.9439	 0.0000	 1.0000	 0.9913	 0.5948	 0.7529	 0.0000	 0.9507	 0.0000	 0.9496	 0.0014	 1.0000	 0.0000	 0.9705	 0.0000	 1.0000	 0.0000	 1.0000	 0.9933	 0.9950	 0.0000	 0.0000	 0.9955	 0.7625	 0.9942	 0.0000	 0.0000	 0.0000
 9.50	 0.1256	 0.0000	 0.9947	 0.0000	 0.1472	 0.0000	 0.4311	 0.0002	 0.9695	 0.0000	 0.8800	 0.9716	 0.6915	 0.0000	 1.0000	 0.9949	 0.0000	 0.9991	 0.9548	 0.0000	 0.9987	 0.9782	 0.8333	 0.0000	 0.0001	 0.8903	 0.8785	 1.0000	 1.0000	 0.0000	 0.0000	 0.7283	 0.0000	 1.0000	 0.9226	 0.9058	 0.0000	 1.0000	 0.9887	 0.5321	 0.6948	 0.0000	 0.9339	 0.0000	 0.9202	 0.0009	 1.0000	 0.0000	 0.9543	 0.0000	 1.0000	 0.0000	 1.0000	 0.9892	 0.9911	 0.0000	 0.0000	 0.9927	 0.6868	 0.9923	 0.0000	 0.0000	 0.0000
 9.75	 0.0771	 0.0000	 0.9909	 0.0000	 0.1112	 0.0000	 0.3485	 0.0002	 0.9534	 0.0000	 0.8110	 0.9587	 0.5979	 0.0000	 1.0000	 0.9902	 0.0000	 0.9986	 0.9313	 0.0000	 0.9977	 0.9679	 0.7635	 0.0000	 0.0001	 0.8275	 0.8284	 1.0000	 1.0000	 0.0000	 0.0000	 0.6194	 0.0000	 1.0000	 0.8859	 0.8514	 0.0000	 1.0000	 0.9864	 0.4778	 0.6402	 0.0000	 0.9145	 0.0000	 0.8741	 0.0005	 1.0000	 0.0000	 0.9199	 0.0000	 1.0000	 0.0000	 1.0000	 0.9826	 0.9853	 0.0000	 0.0000	 0.9909	 0.5966	 0.9898	 0.0000	 0.0000	 0.0000
10.00	 0.0466	 0.0000	 0.9845	 0.0000	 0.0832	 0.0000	 0.2729	 0.0001	 0.9243	 0.0000	 0.7312	 0.9432	 0.5004	 0.0000	 1.0000	 0.9861	 0.0000	 0.9981	 0.8888	 0.0000	 0.9964	 0.9556	 0.6784	 0.0000	 0.0000	 0.7304	 0.7690	 1.0000	 1.0000	 0.0000	 0.0000	 0.5054	 0.0000	 1.0000	 0.8425	 0.7811	 0.0000	 1.0000	 0.9840	 0.4255	 0.5917	 0.0000	 0.8880	 0.0000	 0.8138	 0.0003	 1.0000	 0.0000	 0.8740	 0.0000	 1.0000	 0.0000	 1.0000	 0.9721	 0.9747	 0.0000	 0.0000	 0.9875	 0.5047	 0.9870	 0.0000	 0.0000	 0.0000
10.25	 0.0285	 0.0000	 0.9759	 0.0000	 0.0619	 0.0000	 0.2096	 0.0001	 0.8884	 0.0000	 0.6346	 0.9254	 0.4050	 0.0000	 1.0000	 0.9794	 0.0000	 0.9976	 0.8319	 0.0000	 0.9935	 0.9391	 0.5890	 0.0000	 0.0000	 0.6141	 0.6990	 1.0000	 1.0000	 0.0000	 0.0000	 0.3949	 0.0000	 1.0000	 0.7908	 0.6893	 0.0000	 1.0000	 0.9808	 0.3744	 0.5440	 0.0000	 0.8589	 0.0000	 0.7305	 0.0001	 1.0000	 0.0000	 0.8009	 0.0000	 1.0000	 0.0000	 1.0000	 0.9558	 0.9597	 0.0000	 0.0000	 0.9835	 0.4099	 0.9815	 0.0000	 0.0000	 0.0000
10.50	 0.0165	 0.0000	 0.9588	 0.0000	 0.0448	 0.0000	 0.1581	 0.0001	 0.8345	 0.0000	 0.5311	 0.8986	 0.3156	 0.0000	 1.0000	 0.9690	 0.0000	 0.9965	 0.7635	 0.0000	 0.9902	 0.9163	 0.4928	 0.0000	 0.0000	 0.4827	 0.6232	 1.0000	 1.0000	 0.0000	 0.0000	 0.3038	 0.0000	 1.0000	 0.7261	 0.5836	 0.0000	 1.0000	 0.9759	 0.3315	 0.4972	 0.0000	 0.8287	 0.0000	 0.6318	 0.0001	 1.0000	 0.0000	 0.7032	 0.0000	 1.0000	 0.0000	 1.0000	 0.9341	 0.9378	 0.0000	 0.0000	 0.9774	 0.3279	 0.9745	 0.0000	 0.0000	 0.0000
10.75	 0.0111	 0.0000	 0.9308	 0.0000	 0.0333	 0.0000	 0.1184	 0.0001	 0.7688	 0.0000	 0.4178	 0.8677	 0.2379	 0.0000	 1.0000	 0.9525	 0.0000	 0.9949	 0.6694	 0.0000	 0.9856	 0.8880	 0.4013	 0.0000	 0.0000	 0.3527	 0.5357	 1.0000	 1.0000	 0.0000	 0.0000	 0.2283	 0.0000	 1.0000	 0.6569	 0.4726	 0.0000	 1.0000	 0.9710	 0.2833	 0.4586	 0.0000	 0.7976	 0.0000	 0.5150	 0.0001	 1.0000	 0.0000	 0.5796	 0.0000	 1.0000	 0.0000	 1.0000	 0.9054	 0.9001	 0.0000	 0.0000	 0.9696	 0.2504	 0.9648	 0.0000	 0.0000	 0.0000
11.00	 0.0070	 0.0000	 0.8938	 0.0000	 0.0252	 0.0000	 0.0877	 0.0000	 0.6928	 0.0000	 0.3152	 0.8270	 0.1719	 0.0000	 1.0000	 0.9280	 0.0000	 0.9931	 0.5569	 0.0000	 0.9786	 0.8499	 0.3221	 0.0000	 0.0000	 0.2409	 0.4470	 1.0000	 1.0000	 0.0000	 0.0000	 0.1682	 0.0000	 1.0000	 0.5750	 0.3739	 0.0000	 1.0000	 0.9655	 0.2414	 0.4167	 0.0000	 0.7622	 0.0000	 0.4041	 0.0001	 1.0000	 0.0000	 0.4531	 0.0000	 1.0000	 0.0000	 1.0000	 0.8632	 0.8452	 0.0000	 0.0000	 0.9586	 0.1891	 0.9512	 0.0000	 0.0000	 0.0000
11.25	 0.0047	 0.0000	 0.8281	 0.0000	 0.0186	 0.0000	 0.0663	 0.0000	 0.6008	 0.0000	 0.2305	 0.7740	 0.1249	 0.0000	 1.0000	 0.8938	 0.0000	 0.9904	 0.4434	 0.0000	 0.9672	 0.8023	 0.2517	 0.0000	 0.0000	 0.1575	 0.3627	 1.0000	 1.0000	 0.0000	 0.0000	 0.1223	 0.0000	 1.0000	 0.4792	 0.2804	 0.0000	 1.0000	 0.9560	 0.1985	 0.3846	 0.0000	 0.7178	 0.0000	 0.2952	 0.0000	 1.0000	 0.0000	 0.3313	 0.0000	 1.0000	 0.0000	 1.0000	 0.8169	 0.7709	 0.0000	 0.0000	 0.9441	 0.1396	 0.9348	 0.0000	 0.0000	 0.0000
11.50	 0.0033	 0.0000	 0.7398	 0.0000	 0.0143	 0.0000	 0.0493	 0.0001	 0.5041	 0.0000	 0.1655	 0.7047	 0.0871	 0.0000	 1.0000	 0.8368	 0.0000	 0.9861	 0.3368	 0.0000	 0.9523	 0.7435	 0.1907	 0.0000	 0.0000	 0.0952	 0.2784	 1.0000	 1.0000	 0.0000	 0.0000	 0.0863	 0.0000	 1.0000	 0.3823	 0.2021	 0.0000	 1.0000	 0.9451	 0.1628	 0.3459	 0.0000	 0.6749	 0.0000	 0.2079	 0.0000	 1.0000	 0.0000	 0.2250	 0.0000	 1.0000	 0.0000	 1.0000	 0.7545	 0.6845	 0.0000	 0.0000	 0.9235	 0.1039	 0.9097	 0.0000	 0.0000	 0.0000
11.75	 0.0022	 0.0000	 0.6244	 0.0000	 0.0110	 0.0000	 0.0380	 0.0000	 0.4123	 0.0000	 0.1189	 0.6222	 0.0620	 0.0000	 1.0000	 0.7661	 0.0000	 0.9814	 0.2438	 0.0000	 0.9323	 0.6708	 0.1426	 0.0000	 0.0000	 0.0594	 0.2076	 1.0000	 1.0000	 0.0000	 0.0000	 0.0608	 0.0000	 1.0000	 0.2838	 0.1378	 0.0000	 1.0000	 0.9282	 0.1383	 0.3148	 0.0000	 0.6194	 0.0000	 0.1405	 0.0000	 1.0000	 0.0000	 0.1478	 0.0000	 1.0000	 0.0000	 1.0000	 0.6921	 0.5692	 0.0000	 0.0000	 0.8936	 0.0787	 0.8742	 0.0000	 0.0000	 0.0000
12.00	 0.0016	 0.0000	 0.4882	 0.0000	 0.0091	 0.0000	 0.0291	 0.0000	 0.3238	 0.0000	 0.0842	 0.5239	 0.0432	 0.0000	 0.9999	 0.6772	 0.0000	 0.9753	 0.1740	 0.0000	 0.9014	 0.5878	 0.1021	 0.0000	 0.0000	 0.0342	 0.1512	 1.0000	 1.0000	 0.0000	 0.0000	 0.0415	 0.0000	 1.0000	 0.1987	 0.0915	 0.0000	 1.0000	 0.9092	 0.1091	 0.2838	 0.0000	 0.5640	 0.0000	 0.0948	 0.0000	 1.0000	 0.0000	 0.0926	 0.0000	 1.0000	 0.0000	 1.0000	 0.6218	 0.4550	 0.0000	 0.0000	 0.8530	 0.0623	 0.8254	 0.0000	 0.0000	 0.0000
12.25	 0.0007	 0.0000	 0.3568	 0.0000	 0.0074	 0.0000	 0.0229	 0.0000	 0.2475	 0.0000	 0.0588	 0.4259	 0.0301	 0.0000	 1.0000	 0.5713	 0.0000	 0.9664	 0.1201	 0.0000	 0.8573	 0.5008	 0.0730	 0.0000	 0.0000	 0.0207	 0.1065	 1.0000	 1.0000	 0.0000	 0.0000	 0.0263	 0.0000	 1.0000	 0.1313	 0.0579	 0.0000	 1.0000	 0.8812	 0.0914	 0.2501	 0.0000	 0.4920	 0.0000	 0.0613	 0.0000	 1.0000	 0.0000	 0.0575	 0.0000	 1.0000	 0.0000	 1.0000	 0.5376	 0.3432	 0.0000	 0.0000	 0.7935	 0.0485	 0.7687	 0.0000	 0.0000	 0.0000
12.50	 0.0006	 0.0000	 0.2444	 0.0000	 0.0055	 0.0000	 0.0179	 0.0000	 0.1837	 0.0000	 0.0388	 0.3318	 0.0222	 0.0000	 0.9999	 0.4486	 0.0000	 0.9555	 0.0803	 0.0000	 0.8018	 0.4189	 0.0500	 0.0000	 0.0000	 0.0128	 0.0732	 1.0000	 1.0000	 0.0000	 0.0000	 0.0159	 0.0000	 1.0000	 0.0841	 0.0358	 0.0000	 1.0000	 0.8494	 0.0761	 0.2137	 0.0000	 0.4196	 0.0000	 0.0408	 0.0000	 1.0000	 0.0000	 0.0346	 0.0000	 1.0000	 0.0000	 1.0000	 0.4446	 0.2497	 0.0000	 0.0000	 0.7124	 0.0405	 0.6919	 0.0000	 0.0000	 0.0000
12.75	 0.0004	 0.0000	 0.1564	 0.0000	 0.0045	 0.0000	 0.0144	 0.0000	 0.1329	 0.0000	 0.0260	 0.2483	 0.0150	 0.0000	 1.0000	 0.3395	 0.0000	 0.9405	 0.0535	 0.0000	 0.7258	 0.3434	 0.0339	 0.0000	 0.0000	 0.0069	 0.0503	 1.0000	 1.0000	 0.0000	 0.0000	 0.0099	 0.0000	 1.0000	 0.0526	 0.0208	 0.0000	 1.0000	 0.8044	 0.0612	 0.1794	 0.0000	 0.3393	 0.0000	 0.0260	 0.0000	 1.0000	 0.0000	 0.0200	 0.0000	 1.0000	 0.0000	 1.0000	 0.3457	 0.1735	 0.0000	 0.0000	 0.6111	 0.0317	 0.6100	 0.0000	 0.0000	 0.0000
13.00	 0.0003	 0.0000	 0.0977	 0.0000	 0.0037	 0.0000	 0.0120	 0.0000	 0.0906	 0.0000	 0.0165	 0.1709	 0.0103	 0.0000	 0.9999	 0.2400	 0.0000	 0.9219	 0.0358	 0.0000	 0.6302	 0.2816	 0.0232	 0.0000	 0.0000	 0.0038	 0.0349	 1.0000	 1.0000	 0.0000	 0.0000	 0.0061	 0.0000	 1.0000	 0.0306	 0.0127	 0.0000	 1.0000	 0.7568	 0.0507	 0.1374	 0.0000	 0.2580	 0.0000	 0.0164	 0.0000	 1.0000	 0.0000	 0.0117	 0.0000	 1.0000	 0.0000	 1.0000	 0.2499	 0.1177	 0.0000	 0.0000	 0.4940	 0.0242	 0.5155	 0.0000	 0.0000	 0.0000
13.25	 0.0001	 0.0000	 0.0578	 0.0000	 0.0031	 0.0000	 0.0093	 0.0000	 0.0600	 0.0000	 0.0110	 0.1156	 0.0078	 0.0000	 1.0000	 0.1595	 0.0000	 0.8988	 0.0231	 0.0000	 0.5129	 0.2349	 0.0156	 0.0000	 0.0000	 0.0025	 0.0209	 1.0000	 1.0000	 0.0000	 0.0000	 0.0036	 0.0000	 1.0000	 0.0175	 0.0065	 0.0000	 1.0000	 0.6945	 0.0385	 0.1031	 0.0000	 0.1919	 0.0000	 0.0106	 0.0000	 1.0000	 0.0000	 0.0070	 0.0000	 1.0000	 0.0000	 1.0000	 0.1704	 0.0746	 0.0000	 0.0000	 0.3720	 0.0179	 0.4272	 0.0000	 0.0000	 0.0000
13.50	 0.0001	 0.0000	 0.0343	 0.0000	 0.0026	 0.0000	 0.0072	 0.0000	 0.0372	 0.0000	 0.0064	 0.0754	 0.0044	 0.0000	 0.9999	 0.0995	 0.0000	 0.8667	 0.0156	 0.0000	 0.4022	 0.1873	 0.0102	 0.0000	 0.0000	 0.0011	 0.0142	 1.0000	 1.0000	 0.0000	 0.0000	 0.0021	 0.0000	 1.0000	 0.0099	 0.0041	 0.0000	 1.0000	 0.6199	 0.0283	 0.0764	 0.0000	 0.1342	 0.0000	 0.0063	 0.0000	 1.0000	 0.0000	 0.0040	 0.0000	 1.0000	 0.0000	 1.0000	 0.1084	 0.0477	 0.0000	 0.0000	 0.2602	 0.0131	 0.3422	 0.0000	 0.0000	 0.0000
13.75	 0.0000	 0.0000	 0.0200	 0.0000	 0.0019	 0.0000	 0.0057	 0.0000	 0.0225	 0.0000	 0.0041	 0.0450	 0.0028	 0.0000	 0.9999	 0.0594	 0.0000	 0.8288	 0.0098	 0.0000	 0.2857	 0.1478	 0.0068	 0.0000	 0.0000	 0.0008	 0.0101	 1.0000	 1.0000	 0.0000	 0.0000	 0.0011	 0.0000	 1.0000	 0.0057	 0.0021	 0.0000	 1.0000	 0.5298	 0.0220	 0.0535	 0.0000	 0.0897	 0.0000	 0.0041	 0.0000	 1.0000	 0.0000	 0.0021	 0.0000	 1.0000	 0.0000	 1.0000	 0.0678	 0.0280	 0.0000	 0.0000	 0.1714	 0.0086	 0.2709	 0.0000	 0.0000	 0.0000
14.00	 0.0000	 0.0000	 0.0118	 0.0000	 0.0016	 0.0000	 0.0046	 0.0000	 0.0135	 0.0000	 0.0022	 0.0272	 0.0017	 0.0000	 0.9999	 0.0357	 0.0000	 0.7801	 0.0059	 0.0000	 0.1961	 0.1085	 0.0042	 0.0000	 0.0000	 0.0004	 0.0055	 0.9999	 1.0000	 0.0000	 0.0000	 0.0007	 0.0000	 1.0000	 0.0034	 0.0013	 0.0000	 1.0000	 0.4340	 0.0158	 0.0353	 0.0000	 0.0582	 0.0000	 0.0025	 0.0000	 1.0000	 0.0000	 0.0014	 0.0000	 1.0000	 0.0000	 1.0000	 0.0401	 0.0164	 0.0000	 0.0000	 0.1058	 0.0053	 0.2086	 0.0000	 0.0000	 0.0000
14.25	 0.0000	 0.0000	 0.0063	 0.0000	 0.0012	 0.0000	 0.0031	 0.0000	 0.0072	 0.0000	 0.0011	 0.0161	 0.0009	 0.0000	 0.9999	 0.0217	 0.0000	 0.7140	 0.0038	 0.0000	 0.1249	 0.0772	 0.0028	 0.0000	 0.0000	 0.0002	 0.0030	 0.9999	 1.0000	 0.0000	 0.0000	 0.0004	 0.0000	 1.0000	 0.0018	 0.0007	 0.0000	 1.0000	 0.3316	 0.0122	 0.0225	 0.0000	 0.0380	 0.0000	 0.0014	 0.0000	 1.0000	 0.0000	 0.0006	 0.0000	 1.0000	 0.0000	 1.0000	 0.0234	 0.0095	 0.0000	 0.0000	 0.0652	 0.0031	 0.1634	 0.0000	 0.0000	 0.0000
14.50	 0.0000	 0.0000	 0.0039	 0.0000	 0.0008	 0.0000	 0.0022	 0.0000	 0.0043	 0.0000	 0.0007	 0.0088	 0.0006	 0.0000	 0.9999	 0.0119	 0.0000	 0.6267	 0.0024	 0.0000	 0.0773	 0.0542	 0.0016	 0.0000	 0.0000	 0.0002	 0.0025	 1.0000	 1.0000	 0.0000	 0.0000	 0.0002	 0.0000	 1.0000	 0.0011	 0.0004	 0.0000	 1.0000	 0.2416	 0.0079	 0.0150	 0.0000	 0.0235	 0.0000	 0.0009	 0.0000	 1.0000	 0.0000	 0.0004	 0.0000	 1.0000	 0.0000	 1.0000	 0.0143	 0.0055	 0.0000	 0.0000	 0.0380	 0.0018	 0.1230	 0.0000	 0.0000	 0.0000
14.75	 0.0000	 0.0000	 0.0023	 0.0000	 0.0007	 0.0000	 0.0015	 0.0000	 0.0025	 0.0000	 0.0004	 0.0054	 0.0003	 0.0000	 0.9999	 0.0065	 0.0000	 0.5213	 0.0012	 0.0000	 0.0473	 0.0386	 0.0009	 0.0000	 0.0000	 0.0001	 0.0015	 0.9999	 1.0000	 0.0000	 0.0000	 0.0001	 0.0000	 1.0000	 0.0007	 0.0002	 0.0000	 1.0000	 0.1691	 0.0059	 0.0089	 0.0000	 0.0145	 0.0000	 0.0006	 0.0000	 1.0000	 0.0000	 0.0003	 0.0000	 1.0000	 0.0000	 0.9999	 0.0073	 0.0031	 0.0000	 0.0000	 0.0223	 0.0010	 0.0897	 0.0000	 0.0000	 0.0000
15.00	 0.0000	 0.0000	 0.0013	 0.0000	 0.0004	 0.0000	 0.0010	 0.0000	 0.0014	 0.0000	 0.0002	 0.0030	 0.0002	 0.0000	 0.9998	 0.0036	 0.0000	 0.4041	 0.0009	 0.0000	 0.0277	 0.0266	 0.0006	 0.0000	 0.0000	 0.0000	 0.0008	 0.9998	 1.0000	 0.0000	 0.0000	 0.0000	 0.0000	 1.0000	 0.0003	 0.0001	 0.0000	 1.0000	 0.1122	 0.0039	 0.0056	 0.0000	 0.0086	 0.0000	 0.0004	 0.0000	 1.0000	 0.0000	 0.0002	 0.0000	 1.0000	 0.0000	 0.9999	 0.0046	 0.0017	 0.0000	 0.0000	 0.0130	 0.0006	 0.0643	 0.0000	 0.0000	 0.0000