#pH       total     NTR    1ASP    8LYS    9ASP   21LYS   28GLU   31LYS   38HIS   41LYS   46GLU   47LYS   49TYR   50LYS   54ASP   55CYS   61LYS   62GLU   79TYR   90LYS   91ASP   92LYS   93TYR   94LYS  102ASP  104HIS  105LYS  110TYR  127CYS  130TYR  133ASP  142ASP  145LYS  151GLU  158CYS  161LYS  164LYS  166ASP  172TYR  185TYR  189TYR  193TYR  194ASP  197LYS  202ASP  204LYS  207HIS  227TYR  230ASP  243LYS  246ASP  249TYR  254ASP  255CYS  258LYS  261LYS  262ASP  263GLU  266LYS  270LYS  289TYR  290ASP  291GLU     CTR
-5.00	 1.0000	 1.0000	 1.0000	 1.0000	 1.0000	 0.9940	 1.0000	 1.0000	 1.0000	 1.0000	 1.0000	 1.0000	 1.0000	 1.0000	 1.0000	 1.0000	 1.0000	 1.0000	 1.0000	 1.0000	 1.0000	 1.0000	 1.0000	 1.0000	 1.0000	 1.0000	 1.0000	 1.0000	 1.0000	 0.1414	 0.9627	 1.0000	 1.0000	 1.0000	 1.0000	 1.0000	 1.0000	 1.0000	 1.0000	 1.0000	 1.0000	 1.0000	 1.0000	 1.0000	 1.0000	 1.0000	 1.0000	 0.9754	 1.0000	 1.0000	 1.0000	 0.9995	 1.0000	 1.0000	 1.0000	 1.0000	 1.0000	 1.0000	 1.0000	 1.0000	 1.0000	 1.0000	 1.0000
-4.75	 1.0000	 1.0000	 1.0000	 1.0000	 1.0000	 0.9919	 1.0000	 1.0000	 1.0000	 1.0000	 1.0000	 1.0000	 1.0000	 1.0000	 1.0000	 1.0000	 1.0000	 1.0000	 1.0000	 1.0000	 1.0000	 1.0000	 1.0000	 1.0000	 1.0000	 1.0000	 1.0000	 1.0000	 1.0000	 0.0989	 0.9346	 1.0000	 1.0000	 1.0000	 1.0000	 1.0000	 1.0000	 1.0000	 1.0000	 1.0000	 1.0000	 1.0000	 1.0000	 1.0000	 1.0000	 1.0000	 1.0000	 0.9669	 1.0000	 1.0000	 1.0000	 0.9991	 1.0000	 1.0000	 1.0000	 1.0000	 1.0000	 1.0000	 1.0000	 1.0000	 1.0000	 1.0000	 1.0000
-4.50	 1.0000	 1.0000	 1.0000	 1.0000	 1.0000	 0.9890	 1.0000	 1.0000	 1.0000	 1.0000	 1.0000	 1.0000	 1.0000	 1.0000	 1.0000	 1.0000	 1.0000	 1.0000	 1.0000	 1.0000	 1.0000	 1.0000	 1.0000	 1.0000	 1.0000	 1.0000	 1.0000	 1.0000	 1.0000	 0.0631	 0.8925	 1.0000	 1.0000	 1.0000	 1.0000	 1.0000	 1.0000	 1.0000	 1.0000	 1.0000	 1.0000	 1.0000	 1.0000	 1.0000	 1.0000	 1.0000	 1.0000	 0.9568	 1.0000	 1.0000	 1.0000	 0.9988	 1.0000	 1.0000	 1.0000	 1.0000	 1.0000	 1.0000	 1.0000	 1.0000	 1.0000	 1.0000	 1.0000
-4.25	 1.0000	 1.0000	 1.0000	 1.0000	 1.0000	 0.9847	 1.0000	 1.0000	 1.0000	 1.0000	 1.0000	 1.0000	 1.0000	 1.0000	 1.0000	 1.0000	 1.0000	 1.0000	 1.0000	 1.0000	 1.0000	 1.0000	 1.0000	 1.0000	 1.0000	 1.0000	 1.0000	 1.0000	 1.0000	 0.0467	 0.8255	 1.0000	 1.0000	 1.0000	 1.0000	 1.0000	 1.0000	 1.0000	 1.0000	 1.0000	 1.0000	 1.0000	 1.0000	 1.0000	 1.0000	 1.0000	 1.0000	 0.9397	 1.0000	 1.0000	 1.0000	 0.9975	 1.0000	 1.0000	 1.0000	 1.0000	 1.0000	 1.0000	 1.0000	 1.0000	 1.0000	 1.0000	 1.0000
-4.00	 1.0000	 1.0000	 1.0000	 1.0000	 1.0000	 0.9772	 1.0000	 1.0000	 1.0000	 1.0000	 1.0000	 1.0000	 1.0000	 0.9999	 1.0000	 1.0000	 1.0000	 1.0000	 1.0000	 1.0000	 1.0000	 1.0000	 1.0000	 1.0000	 1.0000	 1.0000	 1.0000	 1.0000	 1.0000	 0.0350	 0.7292	 1.0000	 1.0000	 1.0000	 1.0000	 1.0000	 1.0000	 1.0000	 1.0000	 1.0000	 1.0000	 1.0000	 1.0000	 1.0000	 1.0000	 1.0000	 1.0000	 0.9112	 1.0000	 1.0000	 1.0000	 0.9961	 1.0000	 1.0000	 1.0000	 1.0000	 1.0000	 1.0000	 1.0000	 1.0000	 1.0000	 1.0000	 1.0000
-3.75	 1.0000	 1.0000	 1.0000	 1.0000	 1.0000	 0.9637	 1.0000	 1.0000	 1.0000	 1.0000	 1.0000	 1.0000	 1.0000	 0.9999	 1.0000	 1.0000	 1.0000	 1.0000	 1.0000	 1.0000	 1.0000	 1.0000	 1.0000	 1.0000	 1.0000	 1.0000	 1.0000	 1.0000	 1.0000	 0.0269	 0.6007	 1.0000	 1.0000	 1.0000	 1.0000	 1.0000	 1.0000	 1.0000	 1.0000	 1.0000	 1.0000	 1.0000	 1.0000	 1.0000	 1.0000	 1.0000	 1.0000	 0.8669	 1.0000	 1.0000	 1.0000	 0.9926	 1.0000	 1.0000	 1.0000	 1.0000	 0.9999	 1.0000	 1.0000	 1.0000	 1.0000	 1.0000	 1.0000
-3.50	 1.0000	 1.0000	 1.0000	 1.0000	 1.0000	 0.9458	 1.0000	 1.0000	 1.0000	 1.0000	 1.0000	 1.0000	 1.0000	 0.9997	 1.0000	 1.0000	 1.0000	 1.0000	 1.0000	 1.0000	 1.0000	 1.0000	 1.0000	 1.0000	 1.0000	 1.0000	 1.0000	 1.0000	 1.0000	 0.0249	 0.4685	 1.0000	 1.0000	 1.0000	 1.0000	 1.0000	 1.0000	 1.0000	 1.0000	 1.0000	 1.0000	 1.0000	 1.0000	 1.0000	 1.0000	 1.0000	 1.0000	 0.8029	 1.0000	 1.0000	 1.0000	 0.9865	 1.0000	 1.0000	 1.0000	 0.9999	 0.9998	 1.0000	 1.0000	 1.0000	 1.0000	 1.0000	 1.0000
-3.25	 1.0000	 1.0000	 1.0000	 1.0000	 1.0000	 0.9228	 1.0000	 1.0000	 1.0000	 1.0000	 1.0000	 1.0000	 1.0000	 0.9994	 1.0000	 1.0000	 1.0000	 1.0000	 1.0000	 1.0000	 1.0000	 1.0000	 1.0000	 1.0000	 1.0000	 1.0000	 1.0000	 1.0000	 1.0000	 0.0205	 0.3367	 1.0000	 1.0000	 1.0000	 1.0000	 1.0000	 1.0000	 1.0000	 1.0000	 1.0000	 1.0000	 1.0000	 1.0000	 1.0000	 1.0000	 1.0000	 1.0000	 0.7165	 1.0000	 1.0000	 1.0000	 0.9771	 1.0000	 1.0000	 1.0000	 0.9999	 0.9997	 1.0000	 1.0000	 1.0000	 1.0000	 1.0000	 0.9999
-3.00	 1.0000	 1.0000	 1.0000	 1.0000	 1.0000	 0.8963	 1.0000	 1.0000	 1.0000	 1.0000	 1.0000	 1.0000	 1.0000	 0.9991	 1.0000	 1.0000	 1.0000	 1.0000	 1.0000	 1.0000	 1.0000	 1.0000	 1.0000	 1.0000	 1.0000	 1.0000	 1.0000	 1.0000	 1.0000	 0.0154	 0.2273	 1.0000	 1.0000	 1.0000	 1.0000	 1.0000	 1.0000	 1.0000	 1.0000	 1.0000	 1.0000	 0.9999	 1.0000	 1.0000	 1.0000	 1.0000	 1.0000	 0.6082	 1.0000	 0.9999	 1.0000	 0.9613	 1.0000	 1.0000	 1.0000	 0.9998	 0.9995	 1.0000	 1.0000	 1.0000	 0.9999	 1.0000	 0.9999
-2.75	 1.0000	 1.0000	 1.0000	 1.0000	 1.0000	 0.8639	 1.0000	 1.0000	 1.0000	 1.0000	 1.0000	 1.0000	 1.0000	 0.9985	 1.0000	 1.0000	 1.0000	 1.0000	 1.0000	 1.0000	 1.0000	 1.0000	 1.0000	 0.9999	 1.0000	 1.0000	 1.0000	 1.0000	 1.0000	 0.0127	 0.1475	 1.0000	 1.0000	 1.0000	 1.0000	 1.0000	 1.0000	 1.0000	 1.0000	 1.0000	 1.0000	 0.9999	 1.0000	 1.0000	 1.0000	 1.0000	 1.0000	 0.5029	 1.0000	 0.9999	 1.0000	 0.9327	 1.0000	 1.0000	 1.0000	 0.9998	 0.9992	 1.0000	 1.0000	 1.0000	 0.9998	 1.0000	 0.9997
-2.50	 1.0000	 1.0000	 1.0000	 1.0000	 1.0000	 0.8295	 1.0000	 1.0000	 1.0000	 1.0000	 1.0000	 1.0000	 1.0000	 0.9976	 1.0000	 1.0000	 1.0000	 1.0000	 1.0000	 1.0000	 1.0000	 1.0000	 1.0000	 0.9999	 1.0000	 1.0000	 1.0000	 1.0000	 1.0000	 0.0105	 0.0909	 1.0000	 0.9999	 1.0000	 1.0000	 1.0000	 1.0000	 1.0000	 1.0000	 1.0000	 1.0000	 0.9999	 1.0000	 0.9999	 1.0000	 1.0000	 1.0000	 0.4059	 1.0000	 0.9996	 1.0000	 0.8886	 1.0000	 1.0000	 1.0000	 0.9995	 0.9984	 1.0000	 1.0000	 1.0000	 0.9998	 1.0000	 0.9997
-2.25	 1.0000	 1.0000	 1.0000	 1.0000	 1.0000	 0.7982	 1.0000	 1.0000	 1.0000	 1.0000	 1.0000	 1.0000	 1.0000	 0.9961	 1.0000	 1.0000	 1.0000	 1.0000	 1.0000	 1.0000	 1.0000	 1.0000	 1.0000	 0.9999	 1.0000	 1.0000	 1.0000	 1.0000	 1.0000	 0.0069	 0.0543	 1.0000	 0.9999	 1.0000	 1.0000	 1.0000	 0.9999	 1.0000	 1.0000	 1.0000	 1.0000	 0.9997	 1.0000	 0.9999	 1.0000	 1.0000	 1.0000	 0.3288	 1.0000	 0.9997	 1.0000	 0.8198	 1.0000	 1.0000	 1.0000	 0.9991	 0.9974	 1.0000	 1.0000	 1.0000	 0.9997	 1.0000	 0.9992
-2.00	 1.0000	 0.9999	 1.0000	 0.9999	 1.0000	 0.7616	 1.0000	 1.0000	 1.0000	 1.0000	 1.0000	 1.0000	 1.0000	 0.9932	 1.0000	 1.0000	 0.9999	 1.0000	 1.0000	 1.0000	 1.0000	 1.0000	 1.0000	 0.9998	 1.0000	 1.0000	 1.0000	 1.0000	 1.0000	 0.0058	 0.0326	 1.0000	 0.9998	 1.0000	 1.0000	 1.0000	 0.9999	 1.0000	 1.0000	 1.0000	 1.0000	 0.9998	 1.0000	 0.9997	 1.0000	 1.0000	 1.0000	 0.2701	 1.0000	 0.9992	 1.0000	 0.7246	 1.0000	 1.0000	 1.0000	 0.9986	 0.9957	 1.0000	 1.0000	 1.0000	 0.9995	 0.9999	 0.9988
-1.75	 1.0000	 0.9999	 1.0000	 0.9999	 1.0000	 0.7183	 1.0000	 1.0000	 1.0000	 1.0000	 1.0000	 1.0000	 1.0000	 0.9875	 1.0000	 1.0000	 0.9998	 1.0000	 1.0000	 0.9999	 1.0000	 1.0000	 1.0000	 0.9996	 1.0000	 1.0000	 1.0000	 1.0000	 1.0000	 0.0045	 0.0176	 1.0000	 0.9997	 1.0000	 1.0000	 1.0000	 0.9996	 1.0000	 1.0000	 1.0000	 1.0000	 0.9994	 1.0000	 0.9996	 1.0000	 1.0000	 1.0000	 0.2257	 1.0000	 0.9990	 1.0000	 0.5939	 1.0000	 1.0000	 1.0000	 0.9976	 0.9922	 1.0000	 1.0000	 1.0000	 0.9991	 0.9998	 0.9978
-1.50	 1.0000	 0.9999	 1.0000	 0.9999	 1.0000	 0.6503	 1.0000	 1.0000	 1.0000	 1.0000	 1.0000	 1.0000	 1.0000	 0.9792	 1.0000	 1.0000	 0.9997	 1.0000	 1.0000	 0.9997	 1.0000	 1.0000	 1.0000	 0.9994	 1.0000	 1.0000	 1.0000	 1.0000	 1.0000	 0.0036	 0.0108	 1.0000	 0.9994	 1.0000	 1.0000	 1.0000	 0.9995	 1.0000	 1.0000	 1.0000	 1.0000	 0.9987	 1.0000	 0.9990	 1.0000	 1.0000	 1.0000	 0.1943	 1.0000	 0.9980	 1.0000	 0.4545	 1.0000	 1.0000	 1.0000	 0.9960	 0.9871	 1.0000	 1.0000	 1.0000	 0.9980	 0.9997	 0.9966
-1.25	 1.0000	 0.9999	 1.0000	 0.9998	 1.0000	 0.5717	 1.0000	 0.9999	 1.0000	 0.9999	 1.0000	 1.0000	 1.0000	 0.9637	 1.0000	 1.0000	 0.9994	 1.0000	 1.0000	 0.9996	 1.0000	 1.0000	 1.0000	 0.9988	 1.0000	 1.0000	 1.0000	 1.0000	 1.0000	 0.0024	 0.0072	 1.0000	 0.9990	 1.0000	 1.0000	 1.0000	 0.9993	 1.0000	 1.0000	 1.0000	 1.0000	 0.9982	 1.0000	 0.9985	 1.0000	 1.0000	 1.0000	 0.1609	 1.0000	 0.9966	 1.0000	 0.3217	 1.0000	 1.0000	 1.0000	 0.9933	 0.9770	 1.0000	 1.0000	 1.0000	 0.9959	 0.9994	 0.9940
-1.00	 1.0000	 0.9998	 1.0000	 0.9996	 1.0000	 0.4667	 1.0000	 0.9999	 1.0000	 0.9999	 1.0000	 1.0000	 1.0000	 0.9401	 1.0000	 1.0000	 0.9989	 1.0000	 1.0000	 0.9993	 1.0000	 1.0000	 1.0000	 0.9979	 1.0000	 1.0000	 1.0000	 1.0000	 1.0000	 0.0020	 0.0034	 1.0000	 0.9984	 1.0000	 1.0000	 1.0000	 0.9984	 1.0000	 1.0000	 1.0000	 1.0000	 0.9970	 1.0000	 0.9971	 1.0000	 1.0000	 1.0000	 0.1292	 1.0000	 0.9941	 1.0000	 0.2127	 1.0000	 1.0000	 1.0000	 0.9896	 0.9635	 1.0000	 1.0000	 1.0000	 0.9937	 0.9991	 0.9904
-0.75	 1.0000	 0.9995	 1.0000	 0.9991	 1.0000	 0.3594	 1.0000	 1.0000	 1.0000	 0.9998	 1.0000	 1.0000	 1.0000	 0.8968	 1.0000	 1.0000	 0.9980	 1.0000	 1.0000	 0.9991	 1.0000	 1.0000	 1.0000	 0.9965	 1.0000	 1.0000	 1.0000	 1.0000	 1.0000	 0.0015	 0.0016	 1.0000	 0.9972	 1.0000	 1.0000	 1.0000	 0.9975	 1.0000	 1.0000	 1.0000	 1.0000	 0.9941	 1.0000	 0.9952	 1.0000	 1.0000	 1.0000	 0.0943	 1.0000	 0.9903	 1.0000	 0.1346	 1.0000	 1.0000	 1.0000	 0.9826	 0.9414	 1.0000	 1.0000	 1.0000	 0.9900	 0.9985	 0.9833
-0.50	 1.0000	 0.9992	 1.0000	 0.9985	 1.0000	 0.2499	 1.0000	 0.9998	 1.0000	 0.9995	 1.0000	 1.0000	 1.0000	 0.8384	 1.0000	 1.0000	 0.9972	 1.0000	 1.0000	 0.9981	 1.0000	 1.0000	 1.0000	 0.9938	 1.0000	 1.0000	 1.0000	 1.0000	 1.0000	 0.0013	 0.0009	 1.0000	 0.9946	 1.0000	 1.0000	 1.0000	 0.9962	 1.0000	 1.0000	 1.0000	 1.0000	 0.9911	 1.0000	 0.9906	 1.0000	 1.0000	 1.0000	 0.0668	 1.0000	 0.9838	 1.0000	 0.0860	 1.0000	 1.0000	 1.0000	 0.9711	 0.9022	 1.0000	 1.0000	 1.0000	 0.9832	 0.9971	 0.9730
-0.25	 1.0000	 0.9982	 1.0000	 0.9976	 1.0000	 0.1675	 1.0000	 0.9997	 1.0000	 0.9993	 1.0000	 1.0000	 1.0000	 0.7501	 1.0000	 1.0000	 0.9950	 1.0000	 1.0000	 0.9973	 1.0000	 1.0000	 1.0000	 0.9888	 1.0000	 1.0000	 1.0000	 1.0000	 1.0000	 0.0009	 0.0009	 1.0000	 0.9912	 1.0000	 1.0000	 1.0000	 0.9936	 1.0000	 1.0000	 1.0000	 1.0000	 0.9834	 1.0000	 0.9849	 1.0000	 1.0000	 1.0000	 0.0432	 1.0000	 0.9719	 1.0000	 0.0509	 1.0000	 1.0000	 1.0000	 0.9558	 0.8506	 1.0000	 1.0000	 1.0000	 0.9712	 0.9956	 0.9547
 0.00	 1.0000	 0.9970	 1.0000	 0.9965	 1.0000	 0.1112	 1.0000	 0.9996	 1.0000	 0.9988	 1.0000	 1.0000	 1.0000	 0.6446	 1.0000	 1.0000	 0.9918	 1.0000	 1.0000	 0.9943	 1.0000	 1.0000	 1.0000	 0.9799	 1.0000	 1.0000	 1.0000	 1.0000	 1.0000	 0.0005	 0.0003	 1.0000	 0.9855	 1.0000	 1.0000	 1.0000	 0.9882	 1.0000	 1.0000	 1.0000	 1.0000	 0.9725	 1.0000	 0.9745	 1.0000	 1.0000	 1.0000	 0.0288	 1.0000	 0.9533	 1.0000	 0.0308	 1.0000	 1.0000	 1.0000	 0.9324	 0.7792	 1.0000	 1.0000	 1.0000	 0.9502	 0.9929	 0.9256
 0.25	 1.0000	 0.9951	 1.0000	 0.9944	 1.0000	 0.0702	 1.0000	 0.9994	 1.0000	 0.9981	 1.0000	 1.0000	 1.0000	 0.5178	 1.0000	 1.0000	 0.9876	 1.0000	 1.0000	 0.9907	 1.0000	 1.0000	 1.0000	 0.9651	 1.0000	 1.0000	 1.0000	 1.0000	 1.0000	 0.0004	 0.0002	 1.0000	 0.9740	 1.0000	 1.0000	 1.0000	 0.9804	 1.0000	 1.0000	 1.0000	 1.0000	 0.9528	 1.0000	 0.9545	 1.0000	 0.9999	 1.0000	 0.0182	 1.0000	 0.9211	 1.0000	 0.0182	 1.0000	 1.0000	 1.0000	 0.9017	 0.6900	 1.0000	 1.0000	 1.0000	 0.9199	 0.9882	 0.8789
 0.50	 1.0000	 0.9908	 1.0000	 0.9909	 1.0000	 0.0453	 1.0000	 0.9989	 1.0000	 0.9965	 1.0000	 1.0000	 1.0000	 0.3938	 1.0000	 1.0000	 0.9813	 1.0000	 1.0000	 0.9833	 1.0000	 1.0000	 1.0000	 0.9423	 1.0000	 1.0000	 1.0000	 1.0000	 1.0000	 0.0002	 0.0001	 1.0000	 0.9581	 1.0000	 1.0000	 1.0000	 0.9654	 1.0000	 1.0000	 1.0000	 1.0000	 0.9190	 1.0000	 0.9230	 1.0000	 1.0000	 1.0000	 0.0109	 1.0000	 0.8761	 1.0000	 0.0111	 1.0000	 1.0000	 1.0000	 0.8573	 0.5951	 1.0000	 1.0000	 1.0000	 0.8715	 0.9812	 0.8102
 0.75	 1.0000	 0.9841	 1.0000	 0.9865	 1.0000	 0.0274	 1.0000	 0.9989	 1.0000	 0.9945	 1.0000	 1.0000	 1.0000	 0.2819	 1.0000	 1.0000	 0.9718	 1.0000	 1.0000	 0.9715	 1.0000	 1.0000	 1.0000	 0.9038	 1.0000	 1.0000	 1.0000	 1.0000	 1.0000	 0.0001	 0.0001	 1.0000	 0.9310	 1.0000	 1.0000	 1.0000	 0.9449	 1.0000	 1.0000	 1.0000	 1.0000	 0.8733	 1.0000	 0.8777	 1.0000	 0.9998	 1.0000	 0.0065	 1.0000	 0.8074	 1.0000	 0.0072	 1.0000	 1.0000	 1.0000	 0.8150	 0.4964	 1.0000	 1.0000	 1.0000	 0.8066	 0.9725	 0.7238
 1.00	 1.0000	 0.9721	 1.0000	 0.9792	 1.0000	 0.0177	 1.0000	 0.9986	 1.0000	 0.9913	 1.0000	 1.0000	 1.0000	 0.1951	 1.0000	 1.0000	 0.9562	 1.0000	 1.0000	 0.9526	 1.0000	 1.0000	 1.0000	 0.8497	 1.0000	 1.0000	 1.0000	 1.0000	 1.0000	 0.0000	 0.0001	 1.0000	 0.8871	 1.0000	 1.0000	 1.0000	 0.9136	 1.0000	 1.0000	 1.0000	 1.0000	 0.8051	 1.0000	 0.8058	 1.0000	 0.9996	 1.0000	 0.0038	 1.0000	 0.7139	 1.0000	 0.0049	 1.0000	 1.0000	 1.0000	 0.7679	 0.4038	 1.0000	 1.0000	 1.0000	 0.7193	 0.9590	 0.6235
 1.25	 1.0000	 0.9518	 1.0000	 0.9716	 1.0000	 0.0117	 1.0000	 0.9978	 1.0000	 0.9862	 1.0000	 1.0000	 1.0000	 0.1317	 1.0000	 1.0000	 0.9335	 1.0000	 1.0000	 0.9253	 1.0000	 1.0000	 1.0000	 0.7666	 1.0000	 1.0000	 1.0000	 1.0000	 1.0000	 0.0001	 0.0000	 1.0000	 0.8245	 1.0000	 1.0000	 1.0000	 0.8691	 1.0000	 1.0000	 1.0000	 1.0000	 0.7166	 1.0000	 0.7123	 1.0000	 0.9995	 1.0000	 0.0029	 1.0000	 0.5985	 1.0000	 0.0026	 1.0000	 1.0000	 1.0000	 0.7031	 0.3304	 1.0000	 1.0000	 1.0000	 0.6165	 0.9435	 0.5201
 1.50	 1.0000	 0.9234	 1.0000	 0.9617	 1.0000	 0.0079	 1.0000	 0.9973	 1.0000	 0.9765	 1.0000	 1.0000	 1.0000	 0.0853	 1.0000	 1.0000	 0.8990	 1.0000	 1.0000	 0.8817	 1.0000	 1.0000	 1.0000	 0.6571	 1.0000	 1.0000	 1.0000	 1.0000	 1.0000	 0.0000	 0.0000	 1.0000	 0.7412	 1.0000	 1.0000	 1.0000	 0.8045	 1.0000	 1.0000	 1.0000	 1.0000	 0.6055	 1.0000	 0.5934	 1.0000	 0.9993	 1.0000	 0.0017	 1.0000	 0.4810	 1.0000	 0.0019	 1.0000	 1.0000	 1.0000	 0.6358	 0.2699	 1.0000	 1.0000	 1.0000	 0.5083	 0.9235	 0.4176
 1.75	 1.0000	 0.8691	 1.0000	 0.9496	 1.0000	 0.0038	 1.0000	 0.9961	 1.0000	 0.9619	 1.0000	 1.0000	 1.0000	 0.0578	 1.0000	 1.0000	 0.8452	 1.0000	 1.0000	 0.8123	 1.0000	 1.0000	 1.0000	 0.5330	 0.9999	 1.0000	 1.0000	 1.0000	 1.0000	 0.0000	 0.0000	 1.0000	 0.6346	 1.0000	 1.0000	 1.0000	 0.7297	 1.0000	 1.0000	 1.0000	 1.0000	 0.4949	 1.0000	 0.4658	 1.0000	 0.9986	 1.0000	 0.0014	 1.0000	 0.3624	 1.0000	 0.0013	 1.0000	 1.0000	 1.0000	 0.5500	 0.2138	 1.0000	 1.0000	 1.0000	 0.4020	 0.8991	 0.3300
 2.00	 1.0000	 0.7919	 1.0000	 0.9392	 1.0000	 0.0032	 1.0000	 0.9957	 1.0000	 0.9398	 1.0000	 1.0000	 1.0000	 0.0363	 1.0000	 1.0000	 0.7649	 1.0000	 1.0000	 0.7283	 1.0000	 1.0000	 1.0000	 0.4038	 0.9999	 1.0000	 1.0000	 1.0000	 1.0000	 0.0000	 0.0000	 1.0000	 0.5287	 1.0000	 1.0000	 1.0000	 0.6364	 1.0000	 1.0000	 1.0000	 1.0000	 0.3777	 1.0000	 0.3397	 1.0000	 0.9978	 1.0000	 0.0007	 1.0000	 0.2603	 1.0000	 0.0007	 1.0000	 1.0000	 1.0000	 0.4570	 0.1640	 1.0000	 1.0000	 1.0000	 0.3039	 0.8658	 0.2543
 2.25	 1.0000	 0.6881	 1.0000	 0.9195	 1.0000	 0.0017	 1.0000	 0.9936	 1.0000	 0.9078	 1.0000	 1.0000	 1.0000	 0.0257	 1.0000	 1.0000	 0.6665	 1.0000	 1.0000	 0.6166	 1.0000	 1.0000	 1.0000	 0.2909	 0.9998	 1.0000	 1.0000	 1.0000	 1.0000	 0.0000	 0.0000	 1.0000	 0.4149	 1.0000	 1.0000	 1.0000	 0.5250	 1.0000	 1.0000	 1.0000	 1.0000	 0.2765	 1.0000	 0.2307	 1.0000	 0.9965	 1.0000	 0.0004	 1.0000	 0.1825	 1.0000	 0.0006	 1.0000	 1.0000	 1.0000	 0.3496	 0.1265	 1.0000	 1.0000	 1.0000	 0.2159	 0.8215	 0.1986
 2.50	 1.0000	 0.5604	 1.0000	 0.8981	 1.0000	 0.0009	 1.0000	 0.9916	 1.0000	 0.8600	 1.0000	 1.0000	 1.0000	 0.0177	 1.0000	 1.0000	 0.5497	 1.0000	 1.0000	 0.4922	 1.0000	 1.0000	 1.0000	 0.1912	 0.9997	 1.0000	 1.0000	 1.0000	 1.0000	 0.0000	 0.0000	 1.0000	 0.3137	 1.0000	 1.0000	 1.0000	 0.4157	 1.0000	 1.0000	 1.0000	 1.0000	 0.1907	 1.0000	 0.1522	 1.0000	 0.9947	 1.0000	 0.0003	 1.0000	 0.1238	 1.0000	 0.0003	 1.0000	 1.0000	 1.0000	 0.2561	 0.0885	 1.0000	 1.0000	 1.0000	 0.1541	 0.7575	 0.1548
 2.75	 0.9999	 0.4237	 1.0000	 0.8661	 1.0000	 0.0010	 1.0000	 0.9894	 1.0000	 0.7961	 1.0000	 1.0000	 1.0000	 0.0116	 1.0000	 1.0000	 0.4288	 1.0000	 1.0000	 0.3667	 1.0000	 1.0000	 1.0000	 0.1205	 0.9997	 1.0000	 1.0000	 1.0000	 1.0000	 0.0000	 0.0000	 1.0000	 0.2237	 1.0000	 1.0000	 1.0000	 0.3078	 1.0000	 1.0000	 1.0000	 1.0000	 0.1254	 1.0000	 0.0981	 1.0000	 0.9900	 1.0000	 0.0002	 1.0000	 0.0813	 1.0000	 0.0002	 1.0000	 1.0000	 1.0000	 0.1729	 0.0608	 1.0000	 1.0000	 1.0000	 0.1046	 0.6724	 0.1257
 3.00	 0.9999	 0.3003	 1.0000	 0.8230	 1.0000	 0.0006	 1.0000	 0.9838	 1.0000	 0.7042	 1.0000	 1.0000	 1.0000	 0.0079	 1.0000	 1.0000	 0.3202	 1.0000	 1.0000	 0.2577	 1.0000	 1.0000	 1.0000	 0.0753	 0.9993	 1.0000	 1.0000	 1.0000	 1.0000	 0.0000	 0.0001	 1.0000	 0.1544	 1.0000	 1.0000	 1.0000	 0.2063	 1.0000	 1.0000	 1.0000	 1.0000	 0.0796	 1.0000	 0.0572	 1.0000	 0.9825	 1.0000	 0.0001	 1.0000	 0.0505	 1.0000	 0.0001	 1.0000	 1.0000	 1.0000	 0.1174	 0.0391	 1.0000	 1.0000	 1.0000	 0.0747	 0.5701	 0.0999
 3.25	 0.9999	 0.1972	 1.0000	 0.7634	 1.0000	 0.0004	 1.0000	 0.9777	 1.0000	 0.5985	 1.0000	 1.0000	 1.0000	 0.0051	 1.0000	 1.0000	 0.2231	 1.0000	 1.0000	 0.1741	 1.0000	 1.0000	 1.0000	 0.0446	 0.9988	 1.0000	 1.0000	 1.0000	 1.0000	 0.0000	 0.0000	 1.0000	 0.0963	 1.0000	 1.0000	 1.0000	 0.1384	 1.0000	 1.0000	 1.0000	 1.0000	 0.0487	 1.0000	 0.0344	 1.0000	 0.9706	 1.0000	 0.0001	 1.0000	 0.0286	 1.0000	 0.0001	 1.0000	 1.0000	 1.0000	 0.0724	 0.0224	 1.0000	 1.0000	 1.0000	 0.0465	 0.4550	 0.0853
 3.50	 0.9998	 0.1183	 1.0000	 0.6893	 0.9999	 0.0001	 1.0000	 0.9686	 1.0000	 0.4648	 1.0000	 1.0000	 1.0000	 0.0030	 1.0000	 1.0000	 0.1539	 1.0000	 1.0000	 0.1132	 1.0000	 1.0000	 1.0000	 0.0258	 0.9983	 1.0000	 1.0000	 1.0000	 1.0000	 0.0000	 0.0000	 1.0000	 0.0602	 1.0000	 1.0000	 1.0000	 0.0837	 1.0000	 1.0000	 1.0000	 1.0000	 0.0308	 1.0000	 0.0218	 1.0000	 0.9511	 1.0000	 0.0001	 1.0000	 0.0178	 1.0000	 0.0001	 1.0000	 1.0000	 1.0000	 0.0441	 0.0149	 1.0000	 1.0000	 1.0000	 0.0327	 0.3419	 0.0648
 3.75	 0.9999	 0.0728	 1.0000	 0.5868	 1.0000	 0.0001	 1.0000	 0.9477	 1.0000	 0.3447	 1.0000	 1.0000	 1.0000	 0.0019	 1.0000	 1.0000	 0.1006	 1.0000	 1.0000	 0.0712	 1.0000	 1.0000	 1.0000	 0.0144	 0.9965	 1.0000	 1.0000	 1.0000	 1.0000	 0.0000	 0.0000	 1.0000	 0.0351	 1.0000	 1.0000	 1.0000	 0.0489	 1.0000	 1.0000	 1.0000	 1.0000	 0.0174	 1.0000	 0.0138	 1.0000	 0.9151	 1.0000	 0.0000	 1.0000	 0.0105	 1.0000	 0.0000	 1.0000	 1.0000	 1.0000	 0.0280	 0.0092	 1.0000	 1.0000	 1.0000	 0.0223	 0.2470	 0.0543
 4.00	 0.9999	 0.0429	 1.0000	 0.4723	 1.0000	 0.0001	 1.0000	 0.9173	 1.0000	 0.2313	 1.0000	 1.0000	 1.0000	 0.0015	 1.0000	 1.0000	 0.0636	 1.0000	 1.0000	 0.0434	 1.0000	 1.0000	 1.0000	 0.0081	 0.9942	 1.0000	 1.0000	 1.0000	 1.0000	 0.0000	 0.0000	 1.0000	 0.0184	 1.0000	 1.0000	 1.0000	 0.0301	 1.0000	 1.0000	 1.0000	 1.0000	 0.0103	 1.0000	 0.0077	 1.0000	 0.8595	 1.0000	 0.0000	 1.0000	 0.0065	 1.0000	 0.0000	 1.0000	 1.0000	 1.0000	 0.0189	 0.0060	 1.0000	 1.0000	 1.0000	 0.0130	 0.1654	 0.0416
 4.25	 0.9998	 0.0282	 1.0000	 0.3477	 0.9999	 0.0001	 1.0000	 0.8689	 1.0000	 0.1489	 1.0000	 1.0000	 1.0000	 0.0006	 1.0000	 1.0000	 0.0378	 1.0000	 0.9999	 0.0257	 1.0000	 1.0000	 1.0000	 0.0054	 0.9907	 1.0000	 1.0000	 1.0000	 1.0000	 0.0000	 0.0000	 1.0000	 0.0117	 1.0000	 1.0000	 1.0000	 0.0179	 1.0000	 1.0000	 1.0000	 1.0000	 0.0063	 1.0000	 0.0041	 1.0000	 0.7761	 1.0000	 0.0000	 1.0000	 0.0037	 1.0000	 0.0000	 1.0000	 1.0000	 1.0000	 0.0112	 0.0039	 1.0000	 1.0000	 1.0000	 0.0083	 0.1114	 0.0307
 4.50	 0.9997	 0.0155	 1.0000	 0.2407	 0.9997	 0.0000	 1.0000	 0.7932	 1.0000	 0.0911	 1.0000	 1.0000	 1.0000	 0.0004	 1.0000	 1.0000	 0.0239	 1.0000	 1.0000	 0.0156	 1.0000	 1.0000	 1.0000	 0.0028	 0.9838	 1.0000	 1.0000	 1.0000	 1.0000	 0.0000	 0.0000	 1.0000	 0.0071	 1.0000	 1.0000	 1.0000	 0.0090	 1.0000	 1.0000	 0.9999	 0.9999	 0.0032	 1.0000	 0.0027	 1.0000	 0.6623	 1.0000	 0.0000	 1.0000	 0.0021	 1.0000	 0.0000	 1.0000	 1.0000	 1.0000	 0.0085	 0.0023	 1.0000	 1.0000	 1.0000	 0.0049	 0.0678	 0.0210
 4.75	 0.9996	 0.0091	 1.0000	 0.1591	 0.9998	 0.0000	 1.0000	 0.6902	 1.0000	 0.0515	 1.0000	 1.0000	 1.0000	 0.0003	 1.0000	 1.0000	 0.0140	 1.0000	 1.0000	 0.0083	 1.0000	 1.0000	 1.0000	 0.0018	 0.9713	 1.0000	 1.0000	 1.0000	 1.0000	 0.0000	 0.0000	 1.0000	 0.0043	 1.0000	 1.0000	 1.0000	 0.0056	 1.0000	 0.9999	 0.9999	 0.9999	 0.0020	 1.0000	 0.0018	 1.0000	 0.5262	 1.0000	 0.0000	 1.0000	 0.0010	 1.0000	 0.0000	 1.0000	 1.0000	 1.0000	 0.0059	 0.0021	 1.0000	 1.0000	 1.0000	 0.0027	 0.0418	 0.0133
 5.00	 0.9995	 0.0044	 1.0000	 0.0978	 0.9994	 0.0000	 1.0000	 0.5627	 1.0000	 0.0335	 1.0000	 1.0000	 1.0000	 0.0002	 1.0000	 1.0000	 0.0079	 1.0000	 1.0000	 0.0047	 1.0000	 1.0000	 1.0000	 0.0009	 0.9514	 1.0000	 1.0000	 1.0000	 1.0000	 0.0000	 0.0000	 1.0000	 0.0026	 1.0000	 1.0000	 1.0000	 0.0039	 1.0000	 0.9998	 0.9998	 0.9999	 0.0011	 1.0000	 0.0009	 1.0000	 0.3851	 1.0000	 0.0000	 1.0000	 0.0010	 1.0000	 0.0000	 1.0000	 1.0000	 1.0000	 0.0033	 0.0017	 1.0000	 1.0000	 1.0000	 0.0021	 0.0243	 0.0082
 5.25	 0.9993	 0.0025	 1.0000	 0.0552	 0.9994	 0.0000	 1.0000	 0.4182	 1.0000	 0.0189	 1.0000	 1.0000	 1.0000	 0.0001	 1.0000	 1.0000	 0.0048	 1.0000	 1.0000	 0.0025	 1.0000	 1.0000	 1.0000	 0.0002	 0.9147	 1.0000	 0.9999	 1.0000	 1.0000	 0.0000	 0.0000	 1.0000	 0.0011	 1.0000	 1.0000	 1.0000	 0.0017	 1.0000	 0.9995	 0.9998	 0.9996	 0.0007	 1.0000	 0.0005	 1.0000	 0.2609	 1.0000	 0.0000	 1.0000	 0.0004	 1.0000	 0.0000	 1.0000	 1.0000	 1.0000	 0.0027	 0.0011	 1.0000	 1.0000	 1.0000	 0.0014	 0.0157	 0.0052
 5.50	 0.9985	 0.0017	 1.0000	 0.0350	 0.9991	 0.0000	 0.9999	 0.2906	 1.0000	 0.0107	 1.0000	 1.0000	 1.0000	 0.0000	 1.0000	 1.0000	 0.0026	 1.0000	 0.9999	 0.0014	 1.0000	 1.0000	 1.0000	 0.0002	 0.8613	 1.0000	 0.9998	 1.0000	 1.0000	 0.0000	 0.0000	 1.0000	 0.0009	 1.0000	 1.0000	 1.0000	 0.0007	 1.0000	 0.9993	 0.9996	 0.9994	 0.0003	 1.0000	 0.0004	 1.0000	 0.1700	 1.0000	 0.0000	 1.0000	 0.0004	 1.0000	 0.0000	 1.0000	 1.0000	 1.0000	 0.0027	 0.0005	 1.0000	 1.0000	 1.0000	 0.0005	 0.0099	 0.0032
 5.75	 0.9973	 0.0011	 1.0000	 0.0207	 0.9983	 0.0000	 0.9998	 0.1879	 1.0000	 0.0065	 1.0000	 1.0000	 1.0000	 0.0000	 1.0000	 1.0000	 0.0016	 1.0000	 0.9997	 0.0010	 1.0000	 1.0000	 1.0000	 0.0001	 0.7776	 1.0000	 0.9997	 1.0000	 1.0000	 0.0000	 0.0000	 0.9999	 0.0004	 1.0000	 1.0000	 1.0000	 0.0007	 1.0000	 0.9987	 0.9992	 0.9990	 0.0003	 1.0000	 0.0002	 1.0000	 0.0999	 1.0000	 0.0000	 1.0000	 0.0001	 1.0000	 0.0000	 1.0000	 1.0000	 1.0000	 0.0009	 0.0002	 1.0000	 1.0000	 1.0000	 0.0004	 0.0057	 0.0014
 6.00	 0.9958	 0.0006	 0.9999	 0.0112	 0.9970	 0.0000	 0.9995	 0.1146	 0.9999	 0.0041	 1.0000	 1.0000	 1.0000	 0.0001	 1.0000	 0.9999	 0.0007	 1.0000	 0.9996	 0.0008	 1.0000	 1.0000	 0.9999	 0.0001	 0.6603	 0.9999	 0.9994	 1.0000	 1.0000	 0.0000	 0.0000	 0.9999	 0.0002	 1.0000	 1.0000	 1.0000	 0.0003	 1.0000	 0.9979	 0.9985	 0.9981	 0.0002	 0.9999	 0.0001	 1.0000	 0.0588	 1.0000	 0.0000	 0.9999	 0.0002	 0.9999	 0.0000	 1.0000	 1.0000	 0.9999	 0.0006	 0.0002	 1.0000	 1.0000	 1.0000	 0.0002	 0.0028	 0.0006
 6.25	 0.9929	 0.0003	 1.0000	 0.0058	 0.9943	 0.0000	 0.9993	 0.0677	 0.9997	 0.0023	 1.0000	 1.0000	 0.9999	 0.0000	 1.0000	 0.9999	 0.0005	 1.0000	 0.9992	 0.0007	 1.0000	 1.0000	 0.9999	 0.0001	 0.5209	 0.9998	 0.9991	 1.0000	 1.0000	 0.0000	 0.0000	 0.9998	 0.0001	 1.0000	 1.0000	 1.0000	 0.0002	 1.0000	 0.9965	 0.9975	 0.9969	 0.0001	 0.9999	 0.0000	 0.9998	 0.0347	 1.0000	 0.0000	 0.9998	 0.0001	 1.0000	 0.0000	 1.0000	 1.0000	 0.9998	 0.0004	 0.0003	 1.0000	 1.0000	 1.0000	 0.0002	 0.0017	 0.0005
 6.50	 0.9859	 0.0003	 1.0000	 0.0040	 0.9899	 0.0000	 0.9990	 0.0394	 0.9997	 0.0011	 1.0000	 1.0000	 0.9999	 0.0000	 1.0000	 0.9999	 0.0004	 1.0000	 0.9987	 0.0002	 1.0000	 1.0000	 0.9999	 0.0001	 0.3833	 0.9999	 0.9986	 1.0000	 1.0000	 0.0000	 0.0000	 0.9996	 0.0001	 1.0000	 1.0000	 0.9999	 0.0002	 1.0000	 0.9935	 0.9958	 0.9947	 0.0000	 0.9997	 0.0001	 0.9998	 0.0195	 1.0000	 0.0000	 0.9992	 0.0000	 1.0000	 0.0000	 1.0000	 1.0000	 0.9997	 0.0001	 0.0001	 1.0000	 0.9999	 1.0000	 0.0001	 0.0007	 0.0003
 6.75	 0.9752	 0.0004	 0.9999	 0.0026	 0.9832	 0.0000	 0.9980	 0.0228	 0.9996	 0.0006	 0.9998	 1.0000	 0.9999	 0.0000	 1.0000	 0.9999	 0.0004	 1.0000	 0.9980	 0.0001	 1.0000	 1.0000	 0.9995	 0.0000	 0.2588	 0.9998	 0.9974	 1.0000	 1.0000	 0.0000	 0.0000	 0.9993	 0.0000	 1.0000	 1.0000	 0.9998	 0.0001	 1.0000	 0.9890	 0.9928	 0.9909	 0.0000	 0.9996	 0.0000	 0.9996	 0.0115	 1.0000	 0.0000	 0.9994	 0.0000	 1.0000	 0.0000	 1.0000	 1.0000	 0.9996	 0.0001	 0.0001	 1.0000	 0.9998	 1.0000	 0.0000	 0.0004	 0.0003
 7.00	 0.9569	 0.0003	 0.9999	 0.0018	 0.9705	 0.0000	 0.9965	 0.0126	 0.9992	 0.0004	 0.9998	 1.0000	 0.9999	 0.0000	 1.0000	 0.9998	 0.0001	 1.0000	 0.9962	 0.0000	 1.0000	 1.0000	 0.9991	 0.0000	 0.1636	 0.9994	 0.9954	 1.0000	 1.0000	 0.0000	 0.0000	 0.9989	 0.0000	 1.0000	 0.9998	 0.9997	 0.0001	 1.0000	 0.9813	 0.9876	 0.9849	 0.0000	 0.9996	 0.0000	 0.9995	 0.0056	 1.0000	 0.0000	 0.9991	 0.0000	 1.0000	 0.0000	 1.0000	 1.0000	 0.9990	 0.0000	 0.0000	 1.0000	 0.9996	 1.0000	 0.0000	 0.0002	 0.0001
 7.25	 0.9273	 0.0001	 0.9997	 0.0011	 0.9497	 0.0000	 0.9940	 0.0075	 0.9983	 0.0004	 0.9998	 1.0000	 0.9999	 0.0000	 1.0000	 0.9996	 0.0000	 1.0000	 0.9929	 0.0000	 1.0000	 1.0000	 0.9984	 0.0000	 0.1001	 0.9989	 0.9928	 1.0000	 1.0000	 0.0000	 0.0000	 0.9982	 0.0000	 1.0000	 0.9999	 0.9994	 0.0001	 1.0000	 0.9676	 0.9791	 0.9743	 0.0000	 0.9989	 0.0000	 0.9990	 0.0030	 1.0000	 0.0000	 0.9978	 0.0000	 1.0000	 0.0000	 1.0000	 1.0000	 0.9984	 0.0000	 0.0000	 1.0000	 0.9994	 1.0000	 0.0000	 0.0002	 0.0000
 7.50	 0.8783	 0.0002	 0.9995	 0.0004	 0.9137	 0.0000	 0.9912	 0.0042	 0.9966	 0.0001	 0.9996	 1.0000	 0.9997	 0.0000	 1.0000	 0.9995	 0.0001	 1.0000	 0.9900	 0.0000	 1.0000	 1.0000	 0.9972	 0.0000	 0.0586	 0.9984	 0.9883	 1.0000	 1.0000	 0.0000	 0.0000	 0.9969	 0.0000	 1.0000	 0.9997	 0.9990	 0.0001	 1.0000	 0.9453	 0.9651	 0.9563	 0.0000	 0.9985	 0.0000	 0.9980	 0.0015	 1.0000	 0.0000	 0.9960	 0.0000	 0.9999	 0.0000	 1.0000	 1.0000	 0.9978	 0.0000	 0.0000	 1.0000	 0.9986	 1.0000	 0.0000	 0.0000	 0.0000
 7.75	 0.8038	 0.0002	 0.9993	 0.0001	 0.8677	 0.0000	 0.9867	 0.0024	 0.9949	 0.0002	 0.9992	 1.0000	 0.9997	 0.0000	 1.0000	 0.9988	 0.0000	 1.0000	 0.9809	 0.0000	 1.0000	 1.0000	 0.9949	 0.0000	 0.0351	 0.9974	 0.9803	 1.0000	 1.0000	 0.0000	 0.0000	 0.9953	 0.0000	 1.0000	 0.9997	 0.9983	 0.0000	 1.0000	 0.9139	 0.9437	 0.9302	 0.0000	 0.9978	 0.0000	 0.9968	 0.0012	 1.0000	 0.0000	 0.9936	 0.0000	 0.9999	 0.0000	 1.0000	 1.0000	 0.9960	 0.0000	 0.0000	 1.0000	 0.9980	 1.0000	 0.0000	 0.0000	 0.0000
 8.00	 0.6959	 0.0001	 0.9982	 0.0004	 0.8034	 0.0000	 0.9782	 0.0011	 0.9918	 0.0000	 0.9985	 1.0000	 0.9992	 0.0000	 1.0000	 0.9979	 0.0000	 1.0000	 0.9692	 0.0000	 1.0000	 1.0000	 0.9920	 0.0000	 0.0202	 0.9952	 0.9684	 1.0000	 1.0000	 0.0000	 0.0000	 0.9922	 0.0000	 1.0000	 0.9994	 0.9964	 0.0000	 1.0000	 0.8734	 0.9167	 0.8903	 0.0000	 0.9962	 0.0000	 0.9947	 0.0007	 1.0000	 0.0000	 0.9879	 0.0000	 0.9999	 0.0000	 1.0000	 0.9998	 0.9930	 0.0000	 0.0000	 0.9999	 0.9971	 1.0000	 0.0000	 0.0000	 0.0000
 8.25	 0.5662	 0.0000	 0.9976	 0.0002	 0.7223	 0.0000	 0.9687	 0.0009	 0.9834	 0.0000	 0.9982	 1.0000	 0.9985	 0.0000	 1.0000	 0.9954	 0.0000	 1.0000	 0.9505	 0.0000	 1.0000	 1.0000	 0.9864	 0.0000	 0.0111	 0.9914	 0.9482	 1.0000	 1.0000	 0.0000	 0.0000	 0.9850	 0.0000	 1.0000	 0.9986	 0.9937	 0.0000	 1.0000	 0.8265	 0.8823	 0.8370	 0.0000	 0.9952	 0.0000	 0.9906	 0.0005	 1.0000	 0.0000	 0.9781	 0.0000	 0.9999	 0.0000	 1.0000	 0.9999	 0.9869	 0.0000	 0.0000	 0.9999	 0.9951	 1.0000	 0.0000	 0.0000	 0.0000
 8.50	 0.4257	 0.0001	 0.9963	 0.0000	 0.6338	 0.0000	 0.9564	 0.0005	 0.9738	 0.0000	 0.9957	 1.0000	 0.9977	 0.0000	 1.0000	 0.9932	 0.0000	 1.0000	 0.9320	 0.0000	 1.0000	 1.0000	 0.9764	 0.0000	 0.0065	 0.9863	 0.9230	 1.0000	 1.0000	 0.0000	 0.0000	 0.9716	 0.0000	 1.0000	 0.9973	 0.9893	 0.0000	 1.0000	 0.7749	 0.8429	 0.7729	 0.0000	 0.9912	 0.0000	 0.9846	 0.0003	 1.0000	 0.0000	 0.9633	 0.0000	 0.9997	 0.0000	 1.0000	 0.9996	 0.9753	 0.0000	 0.0000	 0.9998	 0.9905	 1.0000	 0.0000	 0.0000	 0.0001
 8.75	 0.3011	 0.0001	 0.9948	 0.0000	 0.5465	 0.0000	 0.9396	 0.0002	 0.9508	 0.0000	 0.9929	 1.0000	 0.9954	 0.0000	 1.0000	 0.9874	 0.0000	 1.0000	 0.8993	 0.0000	 1.0000	 1.0000	 0.9645	 0.0000	 0.0040	 0.9735	 0.8836	 1.0000	 1.0000	 0.0000	 0.0000	 0.9532	 0.0000	 1.0000	 0.9959	 0.9813	 0.0000	 1.0000	 0.7185	 0.8040	 0.6951	 0.0000	 0.9888	 0.0000	 0.9747	 0.0002	 1.0000	 0.0000	 0.9377	 0.0000	 0.9995	 0.0000	 1.0000	 0.9994	 0.9622	 0.0000	 0.0000	 0.9995	 0.9835	 1.0000	 0.0000	 0.0000	 0.0000
 9.00	 0.1959	 0.0000	 0.9918	 0.0000	 0.4630	 0.0000	 0.9228	 0.0002	 0.9218	 0.0000	 0.9882	 1.0000	 0.9922	 0.0000	 1.0000	 0.9782	 0.0000	 1.0000	 0.8550	 0.0000	 1.0000	 1.0000	 0.9444	 0.0000	 0.0024	 0.9585	 0.8353	 1.0000	 1.0000	 0.0000	 0.0000	 0.9229	 0.0000	 1.0000	 0.9924	 0.9665	 0.0000	 1.0000	 0.6640	 0.7635	 0.6128	 0.0000	 0.9830	 0.0000	 0.9580	 0.0001	 1.0000	 0.0000	 0.8962	 0.0000	 0.9992	 0.0000	 1.0000	 0.9988	 0.9332	 0.0000	 0.0000	 0.9995	 0.9720	 1.0000	 0.0000	 0.0000	 0.0000
 9.25	 0.1242	 0.0000	 0.9865	 0.0001	 0.3849	 0.0000	 0.8994	 0.0001	 0.8751	 0.0000	 0.9802	 1.0000	 0.9864	 0.0000	 1.0000	 0.9637	 0.0000	 1.0000	 0.8056	 0.0000	 1.0000	 1.0000	 0.9169	 0.0000	 0.0014	 0.9279	 0.7729	 1.0000	 1.0000	 0.0000	 0.0000	 0.8745	 0.0000	 1.0000	 0.9898	 0.9440	 0.0000	 1.0000	 0.6077	 0.7221	 0.5361	 0.0000	 0.9770	 0.0000	 0.9346	 0.0001	 1.0000	 0.0000	 0.8323	 0.0000	 0.9982	 0.0000	 1.0000	 0.9983	 0.8896	 0.0000	 0.0000	 0.9992	 0.9556	 1.0000	 0.0000	 0.0000	 0.0000
 9.50	 0.0756	 0.0000	 0.9775	 0.0000	 0.3130	 0.0000	 0.8766	 0.0001	 0.8057	 0.0000	 0.9663	 1.0000	 0.9769	 0.0000	 1.0000	 0.9375	 0.0000	 0.9999	 0.7380	 0.0000	 1.0000	 1.0000	 0.8798	 0.0000	 0.0009	 0.8804	 0.6975	 1.0000	 1.0000	 0.0000	 0.0000	 0.8088	 0.0000	 1.0000	 0.9816	 0.9079	 0.0000	 1.0000	 0.5513	 0.6805	 0.4651	 0.0000	 0.9674	 0.0000	 0.8975	 0.0000	 1.0000	 0.0000	 0.7380	 0.0000	 0.9979	 0.0000	 1.0000	 0.9971	 0.8230	 0.0000	 0.0000	 0.9982	 0.9282	 1.0000	 0.0000	 0.0000	 0.0000
 9.75	 0.0464	 0.0000	 0.9642	 0.0000	 0.2510	 0.0000	 0.8440	 0.0000	 0.7204	 0.0000	 0.9436	 1.0000	 0.9624	 0.0000	 1.0000	 0.9028	 0.0000	 0.9999	 0.6661	 0.0000	 1.0000	 0.9999	 0.8390	 0.0000	 0.0006	 0.8135	 0.6138	 1.0000	 1.0000	 0.0000	 0.0000	 0.7310	 0.0000	 1.0000	 0.9710	 0.8523	 0.0000	 1.0000	 0.4993	 0.6379	 0.4039	 0.0000	 0.9549	 0.0000	 0.8399	 0.0000	 1.0000	 0.0000	 0.6265	 0.0000	 0.9965	 0.0000	 1.0000	 0.9954	 0.7296	 0.0000	 0.0000	 0.9976	 0.8883	 1.0000	 0.0000	 0.0000	 0.0000
10.00	 0.0289	 0.0000	 0.9394	 0.0000	 0.2036	 0.0000	 0.8072	 0.0000	 0.6223	 0.0000	 0.9129	 1.0000	 0.9440	 0.0000	 1.0000	 0.8424	 0.0000	 0.9998	 0.5938	 0.0000	 1.0000	 1.0000	 0.7830	 0.0000	 0.0004	 0.7154	 0.5247	 1.0000	 1.0000	 0.0000	 0.0000	 0.6296	 0.0000	 1.0000	 0.9553	 0.7801	 0.0000	 1.0000	 0.4431	 0.5932	 0.3492	 0.0000	 0.9420	 0.0000	 0.7544	 0.0000	 1.0000	 0.0000	 0.4961	 0.0000	 0.9949	 0.0000	 1.0000	 0.9938	 0.6128	 0.0000	 0.0000	 0.9961	 0.8270	 1.0000	 0.0000	 0.0000	 0.0000
10.25	 0.0174	 0.0000	 0.9035	 0.0000	 0.1622	 0.0000	 0.7668	 0.0000	 0.5175	 0.0000	 0.8694	 1.0000	 0.9139	 0.0000	 1.0000	 0.7578	 0.0000	 0.9998	 0.5172	 0.0000	 1.0000	 1.0000	 0.7200	 0.0000	 0.0003	 0.5882	 0.4380	 0.9999	 1.0000	 0.0000	 0.0000	 0.5270	 0.0000	 1.0000	 0.9342	 0.6780	 0.0000	 1.0000	 0.3928	 0.5508	 0.2902	 0.0000	 0.9240	 0.0000	 0.6552	 0.0000	 1.0000	 0.0000	 0.3664	 0.0000	 0.9923	 0.0000	 1.0000	 0.9904	 0.4786	 0.0000	 0.0000	 0.9934	 0.7515	 1.0000	 0.0000	 0.0000	 0.0000
10.50	 0.0108	 0.0000	 0.8430	 0.0000	 0.1266	 0.0000	 0.7245	 0.0000	 0.4165	 0.0000	 0.8166	 1.0000	 0.8768	 0.0000	 1.0000	 0.6506	 0.0000	 0.9998	 0.4495	 0.0000	 1.0000	 1.0000	 0.6460	 0.0000	 0.0001	 0.4611	 0.3537	 0.9999	 1.0000	 0.0000	 0.0000	 0.4226	 0.0000	 1.0000	 0.9079	 0.5580	 0.0000	 1.0000	 0.3492	 0.5010	 0.2476	 0.0000	 0.8970	 0.0000	 0.5379	 0.0000	 1.0000	 0.0000	 0.2576	 0.0000	 0.9900	 0.0000	 1.0000	 0.9870	 0.3529	 0.0000	 0.0000	 0.9905	 0.6641	 1.0000	 0.0000	 0.0000	 0.0000
10.75	 0.0071	 0.0000	 0.7551	 0.0000	 0.1005	 0.0000	 0.6734	 0.0000	 0.3192	 0.0000	 0.7481	 1.0000	 0.8289	 0.0000	 1.0000	 0.5262	 0.0000	 0.9996	 0.3832	 0.0000	 1.0000	 0.9999	 0.5674	 0.0000	 0.0001	 0.3284	 0.2750	 0.9998	 1.0000	 0.0000	 0.0000	 0.3281	 0.0000	 1.0000	 0.8699	 0.4343	 0.0000	 1.0000	 0.3079	 0.4509	 0.2054	 0.0000	 0.8654	 0.0000	 0.4163	 0.0000	 1.0000	 0.0000	 0.1656	 0.0000	 0.9862	 0.0000	 1.0000	 0.9798	 0.2462	 0.0000	 0.0000	 0.9862	 0.5631	 1.0000	 0.0000	 0.0000	 0.0000
11.00	 0.0050	 0.0000	 0.6366	 0.0000	 0.0783	 0.0000	 0.6191	 0.0000	 0.2343	 0.0000	 0.6660	 0.9999	 0.7685	 0.0000	 1.0000	 0.4085	 0.0000	 0.9995	 0.3242	 0.0000	 1.0000	 0.9999	 0.4802	 0.0000	 0.0001	 0.2208	 0.2069	 0.9998	 1.0000	 0.0000	 0.0000	 0.2426	 0.0000	 1.0000	 0.8225	 0.3241	 0.0000	 1.0000	 0.2672	 0.3903	 0.1731	 0.0000	 0.8284	 0.0000	 0.3018	 0.0000	 1.0000	 0.0000	 0.1056	 0.0000	 0.9798	 0.0000	 1.0000	 0.9725	 0.1634	 0.0000	 0.0000	 0.9800	 0.4604	 1.0000	 0.0000	 0.0000	 0.0000
11.25	 0.0032	 0.0000	 0.5029	 0.0000	 0.0588	 0.0000	 0.5568	 0.0000	 0.1620	 0.0000	 0.5789	 1.0000	 0.7056	 0.0000	 1.0000	 0.2949	 0.0000	 0.9993	 0.2667	 0.0000	 1.0000	 0.9997	 0.3844	 0.0000	 0.0001	 0.1421	 0.1523	 0.9997	 1.0000	 0.0000	 0.0000	 0.1736	 0.0000	 1.0000	 0.7586	 0.2339	 0.0000	 1.0000	 0.2312	 0.3341	 0.1403	 0.0000	 0.7792	 0.0000	 0.2111	 0.0000	 1.0000	 0.0000	 0.0661	 0.0000	 0.9706	 0.0000	 1.0000	 0.9603	 0.1050	 0.0000	 0.0000	 0.9718	 0.3667	 1.0000	 0.0000	 0.0000	 0.0000
11.50	 0.0019	 0.0000	 0.3699	 0.0000	 0.0456	 0.0000	 0.4847	 0.0000	 0.1086	 0.0000	 0.4847	 0.9999	 0.6206	 0.0000	 1.0000	 0.2064	 0.0000	 0.9991	 0.2097	 0.0000	 0.9999	 0.9997	 0.2959	 0.0000	 0.0000	 0.0868	 0.1092	 0.9994	 1.0000	 0.0000	 0.0000	 0.1191	 0.0000	 1.0000	 0.6731	 0.1655	 0.0000	 1.0000	 0.1962	 0.2776	 0.1159	 0.0000	 0.7097	 0.0000	 0.1415	 0.0000	 1.0000	 0.0000	 0.0392	 0.0000	 0.9574	 0.0000	 1.0000	 0.9409	 0.0656	 0.0000	 0.0000	 0.9603	 0.2886	 1.0000	 0.0000	 0.0000	 0.0000
11.75	 0.0013	 0.0000	 0.2513	 0.0000	 0.0344	 0.0000	 0.4059	 0.0000	 0.0717	 0.0000	 0.3867	 0.9999	 0.5342	 0.0000	 1.0000	 0.1373	 0.0000	 0.9984	 0.1598	 0.0000	 0.9998	 0.9994	 0.2156	 0.0000	 0.0000	 0.0518	 0.0755	 0.9990	 1.0000	 0.0000	 0.0000	 0.0781	 0.0000	 1.0000	 0.5683	 0.1147	 0.0000	 1.0000	 0.1641	 0.2251	 0.0925	 0.0000	 0.6262	 0.0000	 0.0929	 0.0000	 1.0000	 0.0000	 0.0231	 0.0000	 0.9404	 0.0000	 1.0000	 0.9092	 0.0427	 0.0000	 0.0000	 0.9416	 0.2227	 1.0000	 0.0000	 0.0000	 0.0000
12.00	 0.0006	 0.0000	 0.1610	 0.0000	 0.0260	 0.0000	 0.3263	 0.0000	 0.0454	 0.0000	 0.2962	 0.9999	 0.4408	 0.0000	 1.0000	 0.0884	 0.0000	 0.9982	 0.1140	 0.0000	 0.9997	 0.9993	 0.1472	 0.0000	 0.0000	 0.0310	 0.0512	 0.9985	 1.0000	 0.0000	 0.0000	 0.0505	 0.0000	 1.0000	 0.4447	 0.0785	 0.0000	 1.0000	 0.1325	 0.1762	 0.0735	 0.0000	 0.5384	 0.0000	 0.0605	 0.0000	 1.0000	 0.0000	 0.0143	 0.0000	 0.9133	 0.0000	 1.0000	 0.8560	 0.0274	 0.0000	 0.0000	 0.9200	 0.1704	 1.0000	 0.0000	 0.0000	 0.0000
12.25	 0.0004	 0.0000	 0.0968	 0.0000	 0.0184	 0.0000	 0.2477	 0.0000	 0.0278	 0.0000	 0.2146	 0.9998	 0.3415	 0.0000	 1.0000	 0.0565	 0.0000	 0.9971	 0.0779	 0.0000	 0.9996	 0.9992	 0.0962	 0.0000	 0.0000	 0.0170	 0.0315	 0.9977	 1.0000	 0.0000	 0.0000	 0.0319	 0.0000	 1.0000	 0.3227	 0.0515	 0.0000	 1.0000	 0.0988	 0.1395	 0.0551	 0.0000	 0.4225	 0.0000	 0.0382	 0.0000	 1.0000	 0.0000	 0.0080	 0.0000	 0.8790	 0.0000	 1.0000	 0.7930	 0.0184	 0.0000	 0.0000	 0.8851	 0.1338	 1.0000	 0.0000	 0.0000	 0.0000
12.50	 0.0002	 0.0000	 0.0583	 0.0000	 0.0129	 0.0000	 0.1807	 0.0000	 0.0179	 0.0000	 0.1488	 0.9999	 0.2484	 0.0000	 1.0000	 0.0355	 0.0000	 0.9958	 0.0503	 0.0000	 0.9990	 0.9989	 0.0618	 0.0000	 0.0000	 0.0102	 0.0217	 0.9959	 1.0000	 0.0000	 0.0000	 0.0201	 0.0000	 1.0000	 0.2183	 0.0328	 0.0000	 1.0000	 0.0730	 0.1017	 0.0391	 0.0000	 0.3166	 0.0000	 0.0231	 0.0000	 1.0000	 0.0000	 0.0049	 0.0000	 0.8308	 0.0000	 1.0000	 0.7003	 0.0126	 0.0000	 0.0000	 0.8371	 0.1041	 1.0000	 0.0000	 0.0000	 0.0000
12.75	 0.0002	 0.0000	 0.0332	 0.0000	 0.0086	 0.0000	 0.1247	 0.0000	 0.0112	 0.0000	 0.0983	 0.9997	 0.1741	 0.0000	 1.0000	 0.0202	 0.0000	 0.9932	 0.0319	 0.0000	 0.9983	 0.9977	 0.0369	 0.0000	 0.0000	 0.0059	 0.0136	 0.9931	 1.0000	 0.0000	 0.0000	 0.0121	 0.0000	 1.0000	 0.1402	 0.0199	 0.0000	 1.0000	 0.0479	 0.0693	 0.0263	 0.0000	 0.2229	 0.0000	 0.0142	 0.0000	 1.0000	 0.0000	 0.0030	 0.0000	 0.7759	 0.0000	 1.0000	 0.5933	 0.0082	 0.0000	 0.0000	 0.7705	 0.0827	 1.0000	 0.0000	 0.0000	 0.0000
13.00	 0.0000	 0.0000	 0.0191	 0.0000	 0.0054	 0.0000	 0.0835	 0.0000	 0.0068	 0.0000	 0.0614	 0.9996	 0.1158	 0.0000	 1.0000	 0.0125	 0.0000	 0.9896	 0.0193	 0.0000	 0.9976	 0.9965	 0.0221	 0.0000	 0.0000	 0.0030	 0.0082	 0.9880	 1.0000	 0.0000	 0.0000	 0.0074	 0.0000	 1.0000	 0.0865	 0.0119	 0.0000	 1.0000	 0.0308	 0.0452	 0.0170	 0.0000	 0.1446	 0.0000	 0.0088	 0.0000	 1.0000	 0.0000	 0.0016	 0.0000	 0.7118	 0.0000	 1.0000	 0.4831	 0.0055	 0.0000	 0.0000	 0.6855	 0.0635	 1.0000	 0.0000	 0.0000	 0.0000
13.25	 0.0001	 0.0000	 0.0110	 0.0000	 0.0034	 0.0000	 0.0540	 0.0000	 0.0042	 0.0000	 0.0384	 0.9992	 0.0769	 0.0000	 1.0000	 0.0072	 0.0000	 0.9833	 0.0115	 0.0000	 0.9959	 0.9949	 0.0128	 0.0000	 0.0000	 0.0018	 0.0049	 0.9806	 1.0000	 0.0000	 0.0000	 0.0046	 0.0000	 1.0000	 0.0528	 0.0069	 0.0000	 1.0000	 0.0213	 0.0270	 0.0102	 0.0000	 0.0904	 0.0000	 0.0050	 0.0000	 1.0000	 0.0000	 0.0008	 0.0000	 0.6308	 0.0000	 1.0000	 0.3820	 0.0037	 0.0000	 0.0000	 0.5713	 0.0503	 1.0000	 0.0000	 0.0000	 0.0000
13.50	 0.0000	 0.0000	 0.0060	 0.0000	 0.0021	 0.0000	 0.0338	 0.0000	 0.0026	 0.0000	 0.0241	 0.9991	 0.0477	 0.0000	 1.0000	 0.0042	 0.0000	 0.9714	 0.0067	 0.0000	 0.9920	 0.9910	 0.0074	 0.0000	 0.0000	 0.0010	 0.0026	 0.9675	 1.0000	 0.0000	 0.0000	 0.0026	 0.0000	 1.0000	 0.0307	 0.0038	 0.0000	 1.0000	 0.0127	 0.0166	 0.0067	 0.0000	 0.0549	 0.0000	 0.0029	 0.0000	 1.0000	 0.0000	 0.0006	 0.0000	 0.5408	 0.0000	 1.0000	 0.2935	 0.0024	 0.0000	 0.0000	 0.4476	 0.0395	 1.0000	 0.0000	 0.0000	 0.0000
13.75	 0.0000	 0.0000	 0.0036	 0.0000	 0.0015	 0.0000	 0.0206	 0.0000	 0.0013	 0.0000	 0.0135	 0.9985	 0.0306	 0.0000	 1.0000	 0.0023	 0.0000	 0.9517	 0.0039	 0.0000	 0.9888	 0.9864	 0.0047	 0.0000	 0.0000	 0.0006	 0.0016	 0.9448	 1.0000	 0.0000	 0.0000	 0.0015	 0.0000	 1.0000	 0.0171	 0.0024	 0.0000	 1.0000	 0.0074	 0.0106	 0.0037	 0.0000	 0.0323	 0.0000	 0.0014	 0.0000	 1.0000	 0.0000	 0.0003	 0.0000	 0.4411	 0.0000	 1.0000	 0.2131	 0.0014	 0.0000	 0.0000	 0.3277	 0.0284	 1.0000	 0.0000	 0.0000	 0.0000
14.00	 0.0000	 0.0000	 0.0021	 0.0000	 0.0010	 0.0000	 0.0132	 0.0000	 0.0009	 0.0000	 0.0079	 0.9974	 0.0181	 0.0000	 1.0000	 0.0014	 0.0000	 0.9204	 0.0025	 0.0000	 0.9778	 0.9773	 0.0027	 0.0000	 0.0000	 0.0003	 0.0007	 0.9094	 1.0000	 0.0000	 0.0000	 0.0010	 0.0000	 1.0000	 0.0098	 0.0013	 0.0000	 1.0000	 0.0048	 0.0060	 0.0022	 0.0000	 0.0188	 0.0000	 0.0011	 0.0000	 1.0000	 0.0000	 0.0002	 0.0000	 0.3327	 0.0000	 1.0000	 0.1484	 0.0009	 0.0000	 0.0000	 0.2263	 0.0205	 1.0000	 0.0000	 0.0000	 0.0000
14.25	 0.0000	 0.0000	 0.0012	 0.0000	 0.0005	 0.0000	 0.0082	 0.0000	 0.0006	 0.0000	 0.0050	 0.9958	 0.0106	 0.0000	 1.0000	 0.0007	 0.0000	 0.8713	 0.0015	 0.0000	 0.9621	 0.9647	 0.0014	 0.0000	 0.0000	 0.0002	 0.0006	 0.8555	 1.0000	 0.0000	 0.0000	 0.0005	 0.0000	 1.0000	 0.0061	 0.0008	 0.0000	 1.0000	 0.0023	 0.0035	 0.0013	 0.0000	 0.0101	 0.0000	 0.0004	 0.0000	 1.0000	 0.0000	 0.0001	 0.0000	 0.2360	 0.0000	 1.0000	 0.1006	 0.0005	 0.0000	 0.0000	 0.1467	 0.0138	 1.0000	 0.0000	 0.0000	 0.0000
14.50	 0.0000	 0.0000	 0.0007	 0.0000	 0.0005	 0.0000	 0.0054	 0.0000	 0.0003	 0.0000	 0.0026	 0.9931	 0.0065	 0.0000	 1.0000	 0.0004	 0.0000	 0.8021	 0.0009	 0.0000	 0.9423	 0.9467	 0.0009	 0.0000	 0.0000	 0.0001	 0.0002	 0.7822	 1.0000	 0.0000	 0.0000	 0.0003	 0.0000	 1.0000	 0.0033	 0.0005	 0.0000	 1.0000	 0.0020	 0.0021	 0.0009	 0.0000	 0.0063	 0.0000	 0.0003	 0.0000	 1.0000	 0.0000	 0.0001	 0.0000	 0.1530	 0.0000	 1.0000	 0.0637	 0.0003	 0.0000	 0.0000	 0.0910	 0.0088	 1.0000	 0.0000	 0.0000	 0.0000
14.75	 0.0000	 0.0000	 0.0004	 0.0000	 0.0003	 0.0000	 0.0032	 0.0000	 0.0002	 0.0000	 0.0017	 0.9882	 0.0031	 0.0000	 1.0000	 0.0002	 0.0000	 0.7039	 0.0006	 0.0000	 0.9133	 0.9242	 0.0006	 0.0000	 0.0000	 0.0001	 0.0002	 0.6895	 1.0000	 0.0000	 0.0000	 0.0001	 0.0000	 1.0000	 0.0023	 0.0002	 0.0000	 1.0000	 0.0014	 0.0017	 0.0005	 0.0000	 0.0035	 0.0000	 0.0002	 0.0000	 1.0000	 0.0000	 0.0000	 0.0000	 0.0987	 0.0000	 1.0000	 0.0382	 0.0002	 0.0000	 0.0000	 0.0544	 0.0052	 1.0000	 0.0000	 0.0000	 0.0000
15.00	 0.0000	 0.0000	 0.0002	 0.0000	 0.0003	 0.0000	 0.0021	 0.0000	 0.0001	 0.0000	 0.0011	 0.9791	 0.0020	 0.0000	 1.0000	 0.0001	 0.0000	 0.5846	 0.0004	 0.0000	 0.8704	 0.9009	 0.0004	 0.0000	 0.0000	 0.0000	 0.0001	 0.5872	 1.0000	 0.0000	 0.0000	 0.0001	 0.0000	 1.0000	 0.0011	 0.0001	 0.0000	 1.0000	 0.0008	 0.0007	 0.0003	 0.0000	 0.0020	 0.0000	 0.0001	 0.0000	 1.0000	 0.0000	 0.0000	 0.0000	 0.0612	 0.0000	 1.0000	 0.0238	 0.0001	 0.0000	 0.0000	 0.0322	 0.0030	 1.0000	 0.0000	 0.0000	 0.0000